Name                          00   01 02 03 04 05 06 07 08 09 0A 0B 0C 0D 0E 0F 10 11 12 13 14 15 16 17 18 19   1A 1B 1C 1D 1E 1F 20 21 22 23 24 25 26 27 28 29 2A 2B 2C 2D 2E 2F 30 31 32 33 34 35 36 37 38 39 3A 3B 3C 3D 3E 3F 40 41 42 43 44 45 46 47 48 49 4A 4B 4C 4D 4E 4F 50 51 52 53 54 55 56 57 58 59 5A 5B 5C 5D 
---------------------------------  ---------------------------------------------------------------------------  -----------------------------------------------------------------------------------------------------------------------------------------------------------------------------------------------------------
null                          00   9E A5 9C 9C 00 00 00 00 00 00 00 00 00 00 00 00 00 00 00 00 00 00 00 00 00   01 00 00 00 00 00 07 00 00 00 00 00 00 00 00 00 00 00 00 58 78 EF 00 FF 7E C7 00 00 00 00 00 00 00 00 00 00 00 00 00 00 00 00 00 00 00 00 00 00 00 00 00 00 00 00 00 00 00 00 00 00 00 00 00 00 00 00 00 00 
Insane Cultist                01   79 9E A3 91 9E 95 50 73 A5 9C A4 99 A3 A4 00 00 00 00 00 00 00 00 00 00 00   01 00 3F 00 65 00 07 5E 00 00 00 61 01 00 00 21 00 15 00 8B 78 EF 00 19 6E EF 00 03 0D 66 13 00 19 00 08 14 40 01 01 01 01 01 01 00 D7 00 3E 00 D7 00 D7 00 00 00 00 01 00 00 00 03 01 00 62 00 00 01 03 32 
Dept. Store Spook             00   74 95 A0 A4 5E 50 83 A4 9F A2 95 50 83 A0 9F 9F 9B 00 00 00 00 00 00 00 00   01 00 3D 00 32 01 07 62 02 22 01 E3 5E 00 00 70 06 17 00 58 78 EF 00 71 6D EF 00 16 2A 66 52 00 87 00 13 18 3E 01 01 01 02 01 00 03 12 00 0E 00 20 00 F5 00 00 00 09 05 17 AB 00 03 01 00 00 00 01 00 00 00 
Armored Frog                  01   71 A2 9D 9F A2 95 94 50 76 A2 9F 97 00 00 00 00 00 00 00 00 00 00 00 00 00   03 00 03 00 18 01 07 CA 00 00 00 1E 06 00 00 4D 00 15 00 B8 78 EF 00 96 6D EF 00 09 16 62 25 00 6C 00 07 05 08 00 00 01 01 01 01 00 04 00 04 00 04 00 5F 00 00 00 00 00 00 00 00 02 00 04 07 00 00 01 00 32 
Bad Buffalo                   01   72 91 94 50 72 A5 96 96 91 9C 9F 00 00 00 00 00 00 00 00 00 00 00 00 00 00   01 00 4A 00 37 01 07 55 01 00 00 0C 10 00 00 AC 00 1D 00 B8 78 EF 00 96 6D EF 00 07 22 66 40 00 68 00 0B 05 05 00 01 01 00 02 02 01 DB 00 6E 00 DB 00 EB 00 00 00 00 00 00 00 00 02 00 02 7F 00 00 00 00 00 
Black Antoid                  01   72 9C 91 93 9B 50 71 9E A4 9F 99 94 00 00 00 00 00 00 00 00 00 00 00 00 00   03 01 01 00 3C 01 07 22 00 19 00 25 00 00 00 07 00 14 00 B8 78 EF 00 96 6D EF 00 08 07 60 0E 00 0D 00 04 03 00 00 00 01 00 00 01 01 04 00 3E 00 04 00 20 00 00 00 00 05 00 17 00 01 00 05 58 00 00 01 03 32 
Red Antoid                    01   82 95 94 50 71 9E A4 9F 99 94 00 00 00 00 00 00 00 00 00 00 00 00 00 00 00   03 01 01 00 3C 01 07 70 00 1E 00 97 04 00 00 23 00 14 00 B8 78 EF 00 96 6D EF 00 10 14 60 1D 00 1B 00 0A 04 00 00 00 01 00 00 01 01 04 00 3E 00 6F 00 32 00 00 00 00 06 00 29 00 02 00 04 77 00 00 00 03 32 
Ramblin' Evil Mushroom        01   82 91 9D 92 9C 99 9E 57 50 75 A6 99 9C 50 7D A5 A3 98 A2 9F 9F 9D 00 00 00   03 00 05 00 23 01 07 3C 00 00 00 5F 00 00 00 0F 00 18 00 9C 78 EF 00 83 6D EF 00 09 07 62 0F 00 0A 00 05 05 01 00 00 01 01 03 02 00 04 00 04 00 04 00 4B 00 00 00 00 00 00 00 00 01 00 03 76 00 00 01 00 32 
Struttin' Evil Mushroom       01   83 A4 A2 A5 A4 A4 99 9E 57 50 75 A6 99 9C 50 7D A5 A3 98 A2 9F 9F 9D 00 00   03 00 05 00 23 01 07 9D 00 00 00 D4 05 00 00 5F 00 18 00 9C 78 EF 00 83 6D EF 00 0D 11 62 1D 00 16 00 1C 07 01 00 00 01 01 03 02 03 4B 00 04 00 04 00 ED 00 00 00 00 00 00 00 00 02 00 03 96 00 00 00 00 32 
Mobile Sprout                 01   7D 9F 92 99 9C 95 50 83 A0 A2 9F A5 A4 00 00 00 00 00 00 00 00 00 00 00 00   03 00 5A 00 3D 01 06 4F 00 09 00 85 00 00 00 0D 00 18 00 C7 78 EF 00 83 6D EF 00 06 0A 60 11 00 0C 00 06 05 01 00 00 01 00 03 01 01 04 00 36 00 3F 00 20 00 00 00 00 2D 09 17 00 01 00 02 66 00 00 00 03 32 
Tough Mobile Sprout           01   84 9F A5 97 98 50 7D 9F 92 99 9C 95 50 83 A0 A2 9F A5 A4 00 00 00 00 00 00   03 00 5A 00 3D 01 07 B3 00 0D 00 49 07 00 00 77 00 18 00 C7 78 EF 00 83 6D EF 00 02 15 60 21 00 1B 00 12 06 01 00 00 01 00 03 01 00 04 00 3F 00 36 00 20 00 00 00 00 0A 2D 17 00 02 00 03 7A 00 00 00 03 32 
Enraged Fire Plug             01   75 9E A2 91 97 95 94 50 76 99 A2 95 50 80 9C A5 97 00 00 00 00 00 00 00 00   03 00 3B 00 17 01 07 35 01 00 00 E1 10 00 00 5A 01 1B 00 C7 78 EF 00 83 6D EF 00 03 20 60 3C 00 51 00 0E 05 04 03 00 03 01 03 01 01 76 00 04 00 76 00 76 00 00 00 00 00 00 00 00 02 00 00 9F 00 00 01 00 32 
Mystical Record               01   7D A9 A3 A4 99 93 91 9C 50 82 95 93 9F A2 94 00 00 00 00 00 00 00 00 00 00   03 00 2E 00 C3 00 07 07 01 23 00 B0 0A 00 00 36 01 1F 00 B8 78 EF 00 83 6D EF 00 02 21 62 3F 00 4E 00 14 0C 07 00 01 03 01 03 01 03 E2 00 04 00 20 00 E2 00 00 00 00 00 17 00 00 01 00 01 5F 00 00 00 00 32 
Atomic Power Robot            01   71 A4 9F 9D 99 93 50 80 9F A7 95 A2 50 82 9F 92 9F A4 00 00 00 00 00 00 00   03 02 69 00 32 01 07 52 02 00 00 39 69 00 00 DA 02 17 00 C7 78 EF 00 D8 6D EF 00 02 38 68 77 00 85 00 19 08 0C 03 00 02 03 02 01 01 63 00 DE 00 63 00 63 00 40 00 00 00 00 00 00 03 00 03 94 00 00 01 00 32 
Nuclear Reactor Robot         01   7E A5 93 9C 95 91 A2 50 82 95 91 93 A4 9F A2 50 82 9F 92 9F A4 00 00 00 00   03 02 69 00 32 01 07 1E 03 00 00 96 CF 00 00 34 03 17 00 C7 78 EF 00 D8 6D EF 00 18 40 68 8E 00 B9 00 2E 08 0C 03 01 02 03 02 01 01 63 00 DE 00 63 00 63 00 40 00 00 00 00 00 00 03 00 04 94 00 00 00 00 32 
Guardian Hieroglyph           01   77 A5 91 A2 94 99 91 9E 50 78 99 95 A2 9F 97 9C A9 A0 98 00 00 00 00 00 00   03 00 46 00 45 01 07 D6 01 7E 00 08 33 00 00 D6 01 15 00 79 78 EF 00 71 6D EF 00 04 30 60 5E 00 6A 00 14 14 26 00 02 01 01 00 01 03 D5 00 16 00 1A 00 17 00 00 00 00 0D 11 0E 00 02 00 03 9C 00 00 01 00 32 
Lethal Asp Hieroglyph         01   7C 95 A4 98 91 9C 50 71 A3 A0 50 78 99 95 A2 9F 97 9C A9 A0 98 00 00 00 00   03 00 43 00 40 01 07 CA 01 00 00 39 2C 00 00 71 02 14 00 79 78 EF 00 71 6D EF 00 04 2E 62 59 00 5E 00 15 05 24 02 00 01 00 00 01 01 EE 00 6F 00 6F 00 F2 00 00 00 00 00 00 00 00 02 00 02 9C 00 00 00 00 32 
Electro Swoosh                01   75 9C 95 93 A4 A2 9F 50 83 A7 9F 9F A3 98 00 00 00 00 00 00 00 00 00 00 00   03 00 16 00 14 01 07 1F 02 52 01 B3 42 00 00 17 03 1B 00 9C 78 EF 00 71 6D EF 00 01 3E 61 8C 00 9C 00 28 05 0A 02 01 00 01 01 01 02 84 00 CA 00 CA 00 E2 00 00 00 00 00 00 00 00 02 00 02 9F 00 00 01 04 32 
Conducting Menace             01   73 9F 9E 94 A5 93 A4 99 9E 97 50 7D 95 9E 91 93 95 00 00 00 00 00 00 00 00   01 00 24 00 44 01 07 BD 01 EE 00 C8 39 00 00 3E 02 17 00 C7 78 EF 00 71 6D EF 00 1A 34 61 6B 00 6B 00 14 05 08 01 01 03 01 02 01 00 1A 00 1B 00 16 00 17 00 00 00 11 12 0D 0E 00 02 00 02 6E 00 00 00 00 32 
Conducting Spirit             01   73 9F 9E 94 A5 93 A4 99 9E 97 50 83 A0 99 A2 99 A4 00 00 00 00 00 00 00 00   01 00 24 00 44 01 07 4B 02 49 01 B6 76 00 00 24 03 17 00 C7 78 EF 00 71 6D EF 00 01 3B 61 82 00 8B 00 1A 05 08 01 01 03 01 02 01 00 1A 00 1B 00 17 00 18 00 00 00 11 12 0E 0F 00 03 00 00 64 00 00 01 00 32 
Evil Elemental                01   75 A6 99 9C 50 75 9C 95 9D 95 9E A4 91 9C 00 00 00 00 00 00 00 00 00 00 00   03 00 30 00 17 01 07 34 02 00 00 99 8B 00 00 55 03 1B 00 9C 78 EF 00 B8 6D EF 00 0B 39 68 79 00 88 00 1E 07 10 00 03 00 03 00 01 01 04 00 55 00 4C 00 04 00 00 00 00 00 00 00 00 02 00 01 F5 00 00 00 00 00 
|'s Nightmare                 00   AC 57 A3 50 7E 99 97 98 A4 9D 91 A2 95 00 00 00 00 00 00 00 00 00 00 00 00   03 00 4F 00 25 01 07 76 06 72 03 AC 5B 01 00 5A 11 00 00 58 78 EF 00 83 6D EF 00 05 47 94 AC 00 FD 00 1F 01 50 01 02 02 03 01 00 00 F5 00 0A 00 C9 00 29 00 00 00 AC 01 00 21 00 03 01 00 00 01 01 01 00 00 
Annoying Old Party Man        01   71 9E 9E 9F A9 99 9E 97 50 7F 9C 94 50 80 91 A2 A4 A9 50 7D 91 9E 00 00 00   01 00 22 00 87 01 07 63 00 00 00 82 00 00 00 20 00 15 00 AB 78 EF 00 19 6E EF 00 08 0D 65 14 00 19 00 06 32 0F 01 01 01 01 01 06 00 04 00 E5 00 80 00 81 00 00 00 00 00 00 00 00 03 00 01 6C 00 00 01 00 32 
Annoying Reveler              01   71 9E 9E 9F A9 99 9E 97 50 82 95 A6 95 9C 95 A2 00 00 00 00 00 00 00 00 00   01 00 22 00 87 01 07 20 01 00 00 45 09 00 00 0C 01 15 00 AB 78 EF 00 19 6E EF 00 10 1F 66 3A 00 4D 00 11 32 0F 01 01 01 01 01 06 00 E5 00 E6 00 04 00 80 00 00 00 00 00 00 00 00 03 00 03 6C 00 00 00 00 32 
Unassuming Local Guy          01   85 9E 91 A3 A3 A5 9D 99 9E 97 50 7C 9F 93 91 9C 50 77 A5 A9 00 00 00 00 00   01 00 23 00 84 01 07 49 00 00 00 92 00 00 00 13 00 15 00 AB 78 EF 00 19 6E EF 00 01 09 60 12 00 0D 00 05 01 0E 01 01 01 01 01 01 00 04 00 04 00 04 00 D2 00 00 00 00 00 00 00 00 03 00 04 9A 00 00 01 00 32 
New Age Retro Hippie          01   7E 95 A7 50 71 97 95 50 82 95 A4 A2 9F 50 78 99 A0 A0 99 95 00 00 00 00 00   01 00 6B 00 85 01 07 57 00 00 00 A0 00 00 00 17 00 15 00 AB 78 EF 00 19 6E EF 00 01 0B 64 13 00 0E 00 05 0A 10 01 01 01 01 01 01 01 04 00 60 00 AE 00 BA 00 00 00 00 00 9A 8C 00 03 00 03 8C 00 00 00 00 32 
Mr. Carpainter                00   7D A2 5E 50 73 91 A2 A0 91 99 9E A4 95 A2 00 00 00 00 00 00 00 00 00 00 00   01 00 21 00 9F 00 07 06 01 46 00 84 05 00 00 C3 00 15 00 58 78 EF 00 19 6E EF 00 01 15 94 21 00 2D 00 08 0D 48 01 01 01 01 01 01 02 5C 00 20 00 D7 00 F5 00 00 00 00 17 00 AD 00 03 01 00 00 00 01 00 00 00 
Carbon Dog                    00   73 91 A2 92 9F 9E 50 74 9F 97 00 00 00 00 00 00 00 00 00 00 00 00 00 00 00   01 00 28 00 4D 01 07 88 06 00 00 00 00 00 00 00 00 17 00 58 78 EF 00 96 6D EF 00 01 46 67 9F 00 AE 00 1F 34 35 03 02 01 02 02 00 01 68 00 F5 00 85 00 EE 00 22 01 00 AE 00 00 53 03 01 00 00 00 01 01 00 00 
Mighty Bear                   01   7D 99 97 98 A4 A9 50 72 95 91 A2 00 00 00 00 00 00 00 00 00 00 00 00 00 00   01 00 68 00 4B 01 07 A7 00 00 00 61 02 00 00 31 00 1D 00 B8 78 EF 00 96 6D EF 00 07 10 60 1D 00 1F 00 07 01 05 01 01 01 02 01 03 00 70 00 6F 00 04 00 04 00 00 00 00 00 00 00 00 02 00 01 02 00 00 01 00 32 
Mighty Bear Seven             01   7D 99 97 98 A4 A9 50 72 95 91 A2 50 83 95 A6 95 9E 00 00 00 00 00 00 00 00   01 00 68 00 4B 01 07 6F 01 00 00 B4 22 00 00 B8 01 1D 00 B8 78 EF 00 96 6D EF 00 15 2A 60 55 00 4C 00 0B 01 04 01 01 01 02 01 03 00 70 00 6F 00 04 00 04 00 00 00 00 00 00 00 00 02 00 00 03 00 00 00 02 32 
Putrid Moldyman               01   80 A5 A4 A2 99 94 50 7D 9F 9C 94 A9 9D 91 9E 00 00 00 00 00 00 00 00 00 00   01 00 0A 00 1D 01 07 CB 00 00 00 3E 03 00 00 35 00 18 00 B8 78 EF 00 71 6D EF 00 09 15 62 24 00 29 00 09 05 11 03 00 01 02 00 01 00 4E 00 04 00 04 00 04 00 00 00 00 00 00 00 00 02 00 02 66 00 00 01 00 32 
Thunder Mite                  01   84 98 A5 9E 94 95 A2 50 7D 99 A4 95 00 00 00 00 00 00 00 00 00 00 00 00 00   03 00 1E 00 44 01 07 25 01 C8 00 2E 2A 00 00 AE 01 17 00 C7 78 EF 00 A7 6D EF 00 01 2B 61 55 00 53 00 14 0D 08 00 00 03 01 01 01 00 16 00 16 00 17 00 17 00 00 00 0D 0D 0E 0E 00 02 00 02 6E 00 00 00 00 32 
Cranky Lady                   01   73 A2 91 9E 9B A9 50 7C 91 94 A9 00 00 00 00 00 00 00 00 00 00 00 00 00 00   02 00 63 00 88 01 07 5F 00 00 00 C8 00 00 00 11 00 15 00 AB 78 EF 00 19 6E EF 00 03 08 60 10 00 12 00 06 03 20 01 01 01 01 01 01 01 04 00 73 00 E7 00 82 00 00 00 00 00 00 00 00 03 00 01 9B 00 00 01 00 32 
Extra Cranky Lady             01   75 A8 A4 A2 91 50 73 A2 91 9E 9B A9 50 7C 91 94 A9 00 00 00 00 00 00 00 00   02 00 63 00 88 01 07 15 01 00 00 43 0E 00 00 86 00 15 00 AB 78 EF 00 19 6E EF 00 07 1B 60 30 00 46 00 11 05 20 01 01 01 01 01 01 00 E7 00 66 00 73 00 53 00 00 00 00 00 00 00 00 03 00 04 9B 00 00 00 00 32 
Giygas                        00   77 99 A9 97 91 A3 00 00 00 00 00 00 00 00 00 00 00 00 00 00 00 00 00 00 00   01 00 00 00 32 01 07 10 0E 00 00 00 00 00 00 00 00 17 00 58 78 EF 00 71 6D EF 00 00 49 48 CB 00 2C 01 34 01 50 02 02 02 03 02 00 00 04 00 04 00 04 00 04 00 00 00 00 00 00 00 00 03 01 00 00 00 01 01 00 00 
Wetnosaur                     01   87 95 A4 9E 9F A3 91 A5 A2 00 00 00 00 00 00 00 00 00 00 00 00 00 00 00 00   03 00 0E 00 2A 01 07 06 04 00 00 4A 81 00 00 E9 02 1D 00 B8 78 EF 00 96 6D EF 00 09 3B 68 7E 00 AC 00 11 02 10 00 01 01 02 01 03 01 E0 00 71 00 6F 00 D3 00 00 00 00 00 00 00 00 02 00 01 F5 00 00 00 00 00 
Chomposaur                    01   73 98 9F 9D A0 9F A3 91 A5 A2 00 00 00 00 00 00 00 00 00 00 00 00 00 00 00   03 00 41 00 38 01 07 08 05 40 01 5A AD 00 00 80 03 1D 00 B8 78 EF 00 96 6D EF 00 03 3E 66 8B 00 B7 00 11 03 10 03 01 01 02 01 02 00 0E 00 0F 00 71 00 F5 00 00 00 05 06 00 AF 00 03 00 00 21 04 00 01 00 00 
Titanic Ant                   00   84 99 A4 91 9E 99 93 50 71 9E A4 00 00 00 00 00 00 00 00 00 00 00 00 00 00   03 01 49 00 4D 01 07 EB 00 66 00 AD 02 00 00 96 00 17 00 58 78 EF 00 96 6D EF 00 04 0D 67 13 00 17 00 06 09 48 02 02 02 01 01 00 01 F5 00 EE 00 32 00 36 00 00 00 B0 00 29 2D 00 03 01 00 00 00 01 00 00 00 
Gigantic Ant                  01   77 99 97 91 9E A4 99 93 50 71 9E A4 00 00 00 00 00 00 00 00 00 00 00 00 00   03 01 49 00 39 01 07 34 01 51 00 8C 0F 00 00 30 01 14 00 B8 78 EF 00 96 6D EF 00 01 1E 66 36 00 70 00 11 05 06 00 00 01 01 01 01 00 36 00 48 00 EE 00 F5 00 00 00 2D 00 00 B1 00 03 00 02 E9 00 00 01 02 32 
Shrooom!                      00   83 98 A2 9F 9F 9F 9D 51 00 00 00 00 00 00 00 00 00 00 00 00 00 00 00 00 00   03 00 0B 00 4D 01 07 A4 06 70 00 43 78 01 00 F6 0F 17 00 58 78 EF 00 96 6D EF 00 09 30 67 5F 00 9A 00 12 20 48 00 02 01 03 01 00 02 4B 00 20 00 ED 00 F5 00 00 00 00 17 00 B2 00 03 01 00 00 00 01 01 00 00 
Plague Rat of Doom            00   80 9C 91 97 A5 95 50 82 91 A4 50 9F 96 50 74 9F 9F 9D 00 00 00 00 00 00 00   01 00 4B 00 4D 01 07 23 07 3C 00 48 C2 01 00 70 11 17 00 58 78 EF 00 96 6D EF 00 04 2F 67 47 00 B4 00 13 FA 2D 01 02 01 02 02 00 01 64 00 F5 00 6F 00 04 00 00 00 00 B3 00 00 00 03 01 00 00 00 01 01 00 00 
Mondo Mole                    00   7D 9F 9E 94 9F 50 7D 9F 9C 95 00 00 00 00 00 00 00 00 00 00 00 00 00 00 00   01 00 53 00 4D 01 07 F2 01 A1 00 9F 16 00 00 90 01 17 00 58 78 EF 00 96 6D EF 00 05 17 67 25 00 32 00 09 0F 24 02 03 00 00 02 00 00 20 00 6E 00 04 00 F5 00 00 00 17 00 00 B4 00 03 01 00 00 00 01 01 00 00 
Guardian Digger               01   77 A5 91 A2 94 99 91 9E 50 74 99 97 97 95 A2 00 00 00 00 00 00 00 00 00 00   01 00 53 00 4D 01 07 82 01 6E 00 95 43 00 00 BB 05 17 00 58 78 EF 00 96 6D EF 00 15 20 67 3B 00 81 00 11 15 37 01 01 00 02 02 00 01 70 00 F5 00 04 00 29 00 00 00 00 B5 00 21 00 03 01 00 00 04 01 00 00 00 
Scalding Coffee Cup           01   83 93 91 9C 94 99 9E 97 50 73 9F 96 96 95 95 50 73 A5 A0 00 00 00 00 00 00   03 00 2C 00 C3 00 07 BE 00 00 00 9E 09 00 00 18 01 1F 00 B8 78 EF 00 83 6D EF 00 02 1E 62 37 00 14 00 17 05 01 02 00 02 01 02 01 00 59 00 59 00 59 00 59 00 00 00 00 00 00 00 00 01 00 06 E8 00 00 00 00 32 
Loaded Dice                   01   7C 9F 91 94 95 94 50 74 99 93 95 00 00 00 00 00 00 00 00 00 00 00 00 00 00   03 00 3A 00 C3 00 07 33 01 00 00 B0 29 00 00 BF 02 1F 00 B8 78 EF 00 96 6D EF 00 03 3B 60 92 00 71 00 4D 4B 06 00 00 02 00 03 01 00 3E 00 3E 00 3E 00 3E 00 00 00 73 85 97 73 00 01 00 02 62 00 00 01 03 32 
Slimy Little Pile             01   83 9C 99 9D A9 50 7C 99 A4 A4 9C 95 50 80 99 9C 95 00 00 00 00 00 00 00 00   03 00 5B 00 3B 01 07 E0 00 00 00 BA 07 00 00 7C 00 14 00 9C 78 EF 00 71 6D EF 00 06 18 8D 2A 00 3D 00 0F 07 26 01 01 01 00 01 01 01 57 00 3E 00 50 00 04 00 00 00 00 2D 00 00 00 02 01 02 93 00 00 00 04 32 
Even Slimier Little Pile      01   75 A6 95 9E 50 83 9C 99 9D 99 95 A2 50 7C 99 A4 A4 9C 95 50 80 99 9C 95 00   03 00 5B 00 3B 01 07 46 01 00 00 E3 3A 00 00 43 02 14 00 9C 78 EF 00 71 6D EF 00 0E 31 8D 67 00 65 00 16 09 27 01 01 01 00 01 01 01 04 00 3E 00 50 00 57 00 00 00 00 2E 00 00 00 03 00 02 92 00 00 01 03 32 
Arachnid!                     01   71 A2 91 93 98 9E 99 94 51 00 00 00 00 00 00 00 00 00 00 00 00 00 00 00 00   03 01 4D 00 3A 01 07 D8 00 00 00 45 13 00 00 28 01 14 00 B8 78 EF 00 96 6D EF 00 05 20 66 3D 00 1E 00 17 03 00 00 00 01 00 03 01 00 04 00 04 00 52 00 48 00 00 00 00 00 00 00 00 01 00 04 7B 00 00 00 00 32 
Arachnid!!!                   01   71 A2 91 93 98 9E 99 94 51 51 51 00 00 00 00 00 00 00 00 00 00 00 00 00 00   03 01 4D 00 3A 01 07 58 01 00 00 D1 28 00 00 9C 01 14 00 B8 78 EF 00 96 6D EF 00 1F 2D 66 57 00 56 00 14 04 00 00 00 01 00 03 01 01 48 00 04 00 04 00 52 00 00 00 00 00 00 00 00 02 00 02 F2 00 00 01 00 32 
Kraken                        00   7B A2 91 9B 95 9E 00 00 00 00 00 00 00 00 00 00 00 00 00 00 00 00 00 00 00   03 00 29 00 27 01 07 49 04 B0 00 A3 35 01 00 E9 0B 1D 00 66 78 EF 00 71 6D EF 00 01 36 68 69 00 A6 00 15 01 20 02 02 01 01 02 00 00 5E 00 F8 00 5C 00 F5 00 00 00 00 00 00 B6 00 03 01 00 00 00 00 00 00 32 
Bionic Kraken                 01   72 99 9F 9E 99 93 50 7B A2 91 9B 95 9E 00 00 00 00 00 00 00 00 00 00 00 00   03 00 29 00 32 01 07 84 03 3C 00 84 C4 00 00 C0 03 17 00 C7 78 EF 00 71 6D EF 00 18 46 68 9B 00 C3 00 2A 01 20 02 01 01 01 02 01 00 75 00 5C 00 5E 00 F8 00 00 00 00 00 00 00 00 03 00 00 1A 00 00 01 00 32 
Spinning Robo                 01   83 A0 99 9E 9E 99 9E 97 50 82 9F 92 9F 00 00 00 00 00 00 00 00 00 00 00 00   03 02 34 00 32 01 06 71 00 11 00 29 01 00 00 15 00 17 00 C7 78 EF 00 F0 6D EF 00 02 0E 61 15 00 16 00 07 05 0C 03 00 01 01 01 03 00 DE 00 DE 00 F1 00 28 00 00 00 00 00 00 1F 00 02 00 01 FA 00 00 00 00 32 
Whirling Robo                 01   87 98 99 A2 9C 99 9E 97 50 82 9F 92 9F 00 00 00 00 00 00 00 00 00 00 00 00   03 02 34 00 32 01 07 76 01 24 00 96 16 00 00 00 01 17 00 C7 78 EF 00 F0 6D EF 00 1C 27 61 4E 00 5A 00 12 05 0C 03 00 01 01 01 03 01 DE 00 F1 00 F7 00 28 00 00 00 00 00 C3 1F 00 02 00 00 BA 00 00 01 00 32 
Hyper Spinning Robo           01   78 A9 A0 95 A2 50 83 A0 99 9E 9E 99 9E 97 50 82 9F 92 9F 00 00 00 00 00 00   03 02 34 00 32 01 07 29 02 53 00 C2 70 00 00 F4 02 17 00 C7 78 EF 00 F0 6D EF 00 18 38 61 7A 00 82 00 1C 05 0C 03 00 01 01 01 03 01 DE 00 DE 00 55 00 29 00 00 00 00 00 00 21 00 02 00 00 BA 00 00 00 04 32 
Cop                           01   73 9F A0 00 00 00 00 00 00 00 00 00 00 00 00 00 00 00 00 00 00 00 00 00 00   01 00 33 00 82 01 07 4B 00 00 00 56 00 00 00 12 00 15 00 58 78 EF 00 19 6E EF 00 02 07 65 0F 00 12 00 05 07 10 01 01 01 01 01 01 00 6A 00 6A 00 04 00 04 00 00 00 00 00 00 00 00 03 01 04 5A 00 00 01 03 32 
Coil Snake                    01   73 9F 99 9C 50 83 9E 91 9B 95 00 00 00 00 00 00 00 00 00 00 00 00 00 00 00   01 00 19 00 1B 01 07 12 00 00 00 01 00 00 00 04 00 14 00 B8 78 EF 00 96 6D EF 00 01 01 60 03 00 04 00 02 00 06 01 00 01 00 00 01 01 EE 00 EE 00 EE 00 F2 00 00 00 00 00 00 00 00 02 00 02 58 00 00 00 00 32 
Thirsty Coil Snake            01   84 98 99 A2 A3 A4 A9 50 73 9F 99 9C 50 83 9E 91 9B 95 00 00 00 00 00 00 00   01 00 19 00 1B 01 07 0E 01 00 00 E2 0A 00 00 14 01 14 00 B8 78 EF 00 96 6D EF 00 19 1C 60 34 00 50 00 12 05 07 01 00 01 00 01 01 01 64 00 EE 00 EE 00 F2 00 00 00 00 00 00 00 00 02 00 03 A8 00 00 01 00 32 
Mr. Batty                     01   7D A2 5E 50 72 91 A4 A4 A9 00 00 00 00 00 00 00 00 00 00 00 00 00 00 00 00   01 00 13 00 12 01 07 56 00 00 00 30 01 00 00 1E 00 19 00 B8 78 EF 00 96 6D EF 00 01 0F 60 19 00 05 00 1D 04 03 01 01 01 00 03 01 01 04 00 56 00 D2 00 56 00 00 00 00 00 00 00 00 01 00 01 7B 00 00 00 00 00 
Elder Batty                   01   75 9C 94 95 A2 50 72 91 A4 A4 A9 00 00 00 00 00 00 00 00 00 00 00 00 00 00   01 00 13 00 12 01 07 26 01 00 00 51 10 00 00 73 01 19 00 B8 78 EF 00 96 6D EF 00 1A 23 60 42 00 48 00 21 08 04 01 01 01 00 03 01 01 04 00 56 00 D2 00 6F 00 00 00 00 00 00 00 00 02 00 02 E9 00 00 01 03 00 
Violent Roach                 01   86 99 9F 9C 95 9E A4 50 82 9F 91 93 98 00 00 00 00 00 00 00 00 00 00 00 00   03 01 50 00 3A 01 07 D1 00 00 00 DD 06 00 00 50 00 14 00 B8 78 EF 00 96 6D EF 00 05 12 62 1E 00 1A 00 23 09 18 00 00 01 00 03 01 00 04 00 EB 00 E8 00 D1 00 00 00 00 00 00 00 00 02 00 00 81 00 00 00 02 00 
Filthy Attack Roach           01   76 99 9C A4 98 A9 50 71 A4 A4 91 93 9B 50 82 9F 91 93 98 00 00 00 00 00 00   03 01 50 00 3A 01 07 8F 01 00 00 2F 29 00 00 B0 01 14 00 B8 78 EF 00 96 6D EF 00 1D 2A 62 54 00 21 00 4D 09 18 00 00 01 00 03 01 00 04 00 EB 00 66 00 D1 00 00 00 00 00 00 00 00 03 00 03 81 00 00 01 00 00 
Crazed Sign                   01   73 A2 91 AA 95 94 50 83 99 97 9E 00 00 00 00 00 00 00 00 00 00 00 00 00 00   03 02 1A 00 35 01 07 27 01 62 00 22 0E 00 00 F4 00 1C 00 C7 78 EF 00 83 6D EF 00 01 22 62 40 00 60 00 11 05 0B 02 01 03 01 00 01 00 04 00 04 00 38 00 34 00 00 00 00 00 2F 2B 00 01 00 01 91 00 00 00 00 32 
Wooly Shambler                01   87 9F 9F 9C A9 50 83 98 91 9D 92 9C 95 A2 00 00 00 00 00 00 00 00 00 00 00   03 02 0D 00 32 01 07 87 01 8C 00 15 15 00 00 CA 01 17 00 9C 78 EF 00 A7 6D EF 00 1B 28 61 51 00 5B 00 12 05 3F 02 01 01 01 01 02 01 DE 00 DE 00 2C 00 1A 00 00 00 00 00 23 11 00 02 00 01 92 00 00 01 00 32 
Wild 'n Wooly Shambler        01   87 99 9C 94 50 57 9E 50 87 9F 9F 9C A9 50 83 98 91 9D 92 9C 95 A2 00 00 00   03 02 0D 00 32 01 07 D2 02 D4 00 1A 84 00 00 8A 03 17 00 9C 78 EF 00 A7 6D EF 00 09 41 61 90 00 AB 00 26 05 3F 02 01 01 01 01 02 00 DE 00 DE 00 2D 00 1B 00 00 00 00 00 25 12 00 02 00 03 92 00 00 00 00 32 
Skate Punk                    01   83 9B 91 A4 95 50 80 A5 9E 9B 00 00 00 00 00 00 00 00 00 00 00 00 00 00 00   01 00 64 00 1C 01 07 1F 00 00 00 0C 00 00 00 11 00 15 00 B8 78 EF 00 96 6D EF 00 07 03 62 07 00 08 00 05 00 0D 01 01 01 01 01 02 01 E3 00 04 00 3E 00 3E 00 00 00 00 00 81 86 00 03 00 00 5F 00 00 01 02 00 
Skelpion                      01   83 9B 95 9C A0 99 9F 9E 00 00 00 00 00 00 00 00 00 00 00 00 00 00 00 00 00   03 01 5C 00 3F 01 07 89 00 15 00 1F 07 00 00 8C 00 14 00 B8 78 EF 00 96 6D EF 00 0E 18 66 29 00 17 00 25 50 07 00 00 01 01 00 01 01 04 00 48 00 79 00 16 00 00 00 00 00 00 0D 00 01 00 02 70 00 00 00 00 00 
Dread Skelpion                01   74 A2 95 91 94 50 83 9B 95 9C A0 99 9F 9E 00 00 00 00 00 00 00 00 00 00 00   03 01 5C 00 3F 01 07 D6 00 7D 00 B4 26 00 00 61 02 14 00 B8 78 EF 00 96 6D EF 00 0B 29 66 52 00 39 00 28 58 08 00 00 01 01 00 01 01 48 00 04 00 16 00 17 00 00 00 00 00 0D 0E 00 02 00 04 76 00 00 01 00 32 
Starman                       01   83 A4 91 A2 9D 91 9E 00 00 00 00 00 00 00 00 00 00 00 00 00 00 00 00 00 00   01 00 37 00 2F 01 07 21 02 9B 00 64 5B 00 00 D0 02 1A 00 C7 78 EF 00 71 6D EF 00 02 37 61 67 00 7E 00 18 19 10 01 01 02 02 01 01 00 DE 00 67 00 36 00 F5 00 00 00 00 00 2D B8 00 03 00 00 64 00 00 00 02 32 
Starman Super                 01   83 A4 91 A2 9D 91 9E 50 83 A5 A0 95 A2 00 00 00 00 00 00 00 00 00 00 00 00   01 00 37 00 2F 01 07 38 02 36 01 C1 75 00 00 DF 02 1A 00 C7 78 EF 00 71 6D EF 00 1A 38 61 70 00 81 00 18 19 10 01 01 02 02 01 01 00 DE 00 3E 00 67 00 F5 00 00 00 00 43 00 B9 00 03 00 00 23 02 00 01 02 32 
Ghost of Starman              01   77 98 9F A3 A4 50 9F 96 50 83 A4 91 A2 9D 91 9E 00 00 00 00 00 00 00 00 00   01 00 37 00 32 01 07 EE 02 CE 01 37 BE 00 00 27 03 17 00 C7 78 EF 00 71 6D EF 00 0C 44 61 98 00 AA 00 2E 2B 10 02 02 02 01 01 01 02 1E 00 77 00 7A 00 F5 00 00 00 15 00 00 BA 00 03 00 00 50 00 00 00 02 32 
Smilin' Sphere                01   83 9D 99 9C 99 9E 57 50 83 A0 98 95 A2 95 00 00 00 00 00 00 00 00 00 00 00   03 02 04 00 2E 01 07 E9 00 3C 00 AA 08 00 00 BF 00 17 00 9C 78 EF 00 03 6E EF 00 09 1B 68 32 00 41 00 11 05 0D 00 03 03 01 00 01 01 04 00 0E 00 04 00 CF 00 40 00 00 05 00 00 00 02 00 00 FA 00 00 01 02 32 
Uncontrollable Sphere         01   85 9E 93 9F 9E A4 A2 9F 9C 9C 91 92 9C 95 50 83 A0 98 95 A2 95 00 00 00 00   03 02 04 00 2E 01 07 41 02 B4 00 A5 4F 00 00 1C 03 17 00 9C 78 EF 00 03 6E EF 00 11 38 68 74 00 86 00 1B 05 0F 00 03 03 01 00 01 01 04 00 0E 00 0F 00 CF 00 40 00 00 05 06 00 00 03 00 00 10 01 00 00 00 32 
Petrified Royal Guard         01   80 95 A4 A2 99 96 99 95 94 50 82 9F A9 91 9C 50 77 A5 91 A2 94 00 00 00 00   01 00 57 00 42 01 07 3D 02 00 00 DB 4A 00 00 74 02 1C 00 B8 78 EF 00 83 6D EF 00 05 35 66 6A 00 AD 00 0C 05 05 01 02 01 00 01 02 01 D8 00 D8 00 E2 00 EA 00 00 00 00 00 00 00 00 02 00 02 9F 00 00 01 00 00 
Guardian General              00   77 A5 91 A2 94 99 91 9E 50 77 95 9E 95 A2 91 9C 00 00 00 00 00 00 00 00 00   01 00 57 00 42 01 07 3F 03 06 00 9E 74 01 00 A3 0C 1C 00 58 78 EF 00 83 6D EF 00 13 37 67 6D 00 D6 00 15 01 07 01 02 01 02 01 00 00 D8 00 5F 00 04 00 F5 00 00 00 00 00 00 D0 00 03 01 00 00 00 01 00 00 00 
Starman Deluxe                01   83 A4 91 A2 9D 91 9E 50 74 95 9C A5 A8 95 00 00 00 00 00 00 00 00 00 00 00   01 00 6A 00 32 01 07 78 05 A2 01 0C 73 02 00 F3 0E 17 00 58 78 EF 00 71 6D EF 00 02 41 61 8F 00 BA 00 1B 2B 15 01 02 03 02 02 00 00 F5 00 DE 00 1E 00 3E 00 00 00 BB 00 15 44 00 03 01 00 00 02 01 01 02 00 
Final Starman                 01   76 99 9E 91 9C 50 83 A4 91 A2 9D 91 9E 00 00 00 00 00 00 00 00 00 00 00 00   01 00 6A 00 32 01 07 48 03 5C 03 E9 F1 00 00 93 03 17 00 C7 78 EF 00 71 6D EF 00 10 47 61 B2 00 BB 00 2F 19 18 02 02 02 02 01 01 03 29 00 3B 00 1E 00 F5 00 00 00 21 32 15 BC 00 03 00 02 62 02 00 00 00 32 
Urban Zombie                  01   85 A2 92 91 9E 50 8A 9F 9D 92 99 95 00 00 00 00 00 00 00 00 00 00 00 00 00   03 00 48 00 34 01 07 AB 00 00 00 BC 02 00 00 3A 00 15 00 B8 78 EF 00 31 6E EF 00 04 13 60 1F 00 18 00 0A 0F 18 00 03 00 01 01 01 01 04 00 78 00 4A 00 54 00 00 00 00 00 00 00 00 02 00 02 5A 00 00 01 02 32 
Zombie Possessor              01   8A 9F 9D 92 99 95 50 80 9F A3 A3 95 A3 A3 9F A2 00 00 00 00 00 00 00 00 00   03 00 32 00 31 01 07 B0 00 00 00 B6 03 00 00 51 00 1B 00 B8 78 EF 00 B8 6D EF 00 02 11 66 1C 00 13 00 1E 09 06 03 00 00 01 01 03 00 04 00 CC 00 3E 00 4C 00 00 00 00 00 4D 00 00 02 00 01 81 00 00 00 02 00 
Zombie Dog                    01   8A 9F 9D 92 99 95 50 74 9F 97 00 00 00 00 00 00 00 00 00 00 00 00 00 00 00   03 00 42 00 6C 01 07 D2 00 00 00 4A 05 00 00 36 00 16 00 B8 78 EF 00 31 6E EF 00 04 16 60 27 00 33 00 1E 0A 0B 00 00 00 01 00 01 01 EE 00 85 00 EE 00 64 00 00 00 00 00 00 00 00 02 00 02 90 00 00 01 00 32 
Crooked Cop                   01   73 A2 9F 9F 9B 95 94 50 73 9F A0 00 00 00 00 00 00 00 00 00 00 00 00 00 00   01 00 45 00 83 01 07 8C 00 00 00 EC 01 00 00 9F 00 15 00 B8 78 EF 00 71 6D EF 00 08 0D 66 14 00 18 00 0F 08 12 01 01 01 01 01 02 00 6B 00 D8 00 67 00 60 00 00 00 00 00 00 00 00 03 01 02 5B 00 00 00 03 00 
Over Zealous Cop              01   7F A6 95 A2 50 8A 95 91 9C 9F A5 A3 50 73 9F A0 00 00 00 00 00 00 00 00 00   01 00 45 00 83 01 07 45 01 00 00 18 1D 00 00 A4 01 15 00 B8 78 EF 00 19 6E EF 00 0A 24 66 45 00 4B 00 12 07 10 01 01 01 01 01 02 00 6B 00 D8 00 67 00 60 00 00 00 00 00 00 00 00 03 00 02 E9 00 00 01 00 00 
Territorial Oak               01   84 95 A2 A2 99 A4 9F A2 99 91 9C 50 7F 91 9B 00 00 00 00 00 00 00 00 00 00   01 00 5F 00 29 01 06 91 00 29 00 64 01 00 00 1D 00 1D 00 B8 78 EF 00 83 6D EF 00 06 0F 60 1A 00 1E 00 05 09 04 00 02 01 01 01 02 00 04 00 04 00 3A 00 62 00 41 00 00 00 31 00 00 02 00 00 62 00 00 01 00 32 
Hostile Elder Oak             01   78 9F A3 A4 99 9C 95 50 75 9C 94 95 A2 50 7F 91 9B 00 00 00 00 00 00 00 00   01 00 5F 00 29 01 07 61 02 4C 00 9F 44 00 00 B2 02 1D 00 B8 78 EF 00 83 6D EF 00 0E 3B 66 86 00 92 00 0E 0B 05 00 02 01 01 01 02 00 04 00 04 00 3A 00 36 00 41 00 00 00 31 2D 00 02 00 04 C8 00 00 01 03 32 
Diamond Dog                   00   74 99 91 9D 9F 9E 94 50 74 9F 97 00 00 00 00 00 00 00 00 00 00 00 00 00 00   01 00 4C 00 4D 01 07 10 0D 9A 00 4A 27 05 00 38 1B 17 00 58 78 EF 00 96 6D EF 00 04 46 61 A7 00 E6 00 1F 0A 2F 02 02 03 03 02 00 00 EE 00 F5 00 29 00 C9 00 00 00 00 BE 21 00 00 03 01 00 00 04 01 00 00 00 
Marauder Octobot              01   7D 91 A2 91 A5 94 95 A2 50 7F 93 A4 9F 92 9F A4 00 00 00 00 00 00 00 00 00   03 02 07 00 32 01 07 E2 01 00 00 8B 38 00 00 F3 01 17 00 C7 78 EF 00 03 6E EF 00 02 31 61 63 00 79 00 17 08 18 00 02 03 01 02 01 01 DE 00 DE 00 42 00 F2 00 00 00 00 00 00 00 00 02 00 01 00 00 00 00 00 32 
Military Octobot              01   7D 99 9C 99 A4 91 A2 A9 50 7F 93 A4 9F 92 9F A4 00 00 00 00 00 00 00 00 00   03 02 07 00 32 01 07 5C 02 00 00 07 64 00 00 7D 02 17 00 C7 78 EF 00 03 6E EF 00 15 3D 61 8A 00 93 00 1A 08 12 00 02 03 01 02 01 00 DE 00 DE 00 42 00 F2 00 00 00 00 00 00 00 00 02 00 00 BA 00 00 01 00 32 
Mechanical Octobot            01   7D 95 93 98 91 9E 99 93 91 9C 50 7F 93 A4 9F 92 9F A4 00 00 00 00 00 00 00   03 02 07 00 32 01 07 00 03 00 00 0A A3 00 00 E8 02 17 00 C7 78 EF 00 03 6E EF 00 0A 42 61 93 00 B0 00 2B 08 18 00 02 03 01 02 01 00 DE 00 DE 00 42 00 45 00 00 00 00 00 00 00 00 02 00 00 BA 00 00 00 02 32 
Ultimate Octobot              01   85 9C A4 99 9D 91 A4 95 50 7F 93 A4 9F 92 9F A4 00 00 00 00 00 00 00 00 00   03 02 07 00 32 01 07 18 03 00 00 04 BB 00 00 2F 03 17 00 C7 78 EF 00 03 6E EF 00 03 46 61 A3 00 B5 00 2C 08 18 00 02 03 01 02 01 00 DE 00 45 00 42 00 45 00 00 00 00 00 00 00 00 02 00 04 62 00 00 01 02 32 
Mad Duck                      01   7D 91 94 50 74 A5 93 9B 00 00 00 00 00 00 00 00 00 00 00 00 00 00 00 00 00   01 00 12 00 1F 01 07 33 00 00 00 29 00 00 00 0C 00 15 00 B8 78 EF 00 96 6D EF 00 01 08 65 0C 00 18 00 1E 05 01 00 00 01 01 02 05 00 55 00 7D 00 5F 00 DA 00 00 00 00 00 00 00 00 00 00 03 5C 00 00 00 04 32 
Dali's Clock                  01   74 91 9C 99 57 A3 50 73 9C 9F 93 9B 00 00 00 00 00 00 00 00 00 00 00 00 00   03 00 5D 00 46 01 07 28 01 00 00 C7 09 00 00 3A 01 1B 00 B8 78 EF 00 71 6D EF 00 06 22 62 41 00 42 00 04 05 04 01 01 01 03 00 01 00 43 00 43 00 43 00 86 00 00 00 00 00 00 00 00 01 00 00 62 00 00 01 00 00 
Trillionage Sprout            00   84 A2 99 9C 9C 99 9F 9E 91 97 95 50 83 A0 A2 9F A5 A4 00 00 00 00 00 00 00   03 00 58 00 4D 01 07 18 04 F0 00 5F 76 00 00 4E 05 17 00 58 78 EF 00 96 6D EF 00 05 1D 67 36 00 58 00 10 15 47 00 02 01 03 02 00 01 04 00 F5 00 1A 00 38 00 00 00 00 BF 11 2F 00 03 01 00 00 00 01 00 03 00 
Musica                        01   7D A5 A3 99 93 91 00 00 00 00 00 00 00 00 00 00 00 00 00 00 00 00 00 00 00   03 00 08 00 C3 00 07 24 01 00 00 A4 0E 00 00 55 01 1F 00 B8 78 EF 00 83 6D EF 00 09 23 62 45 00 55 00 15 14 08 01 01 02 01 01 01 01 CA 00 5A 00 04 00 CA 00 00 00 00 00 00 00 00 01 00 00 9F 00 00 00 00 32 
Desert Wolf                   01   74 95 A3 95 A2 A4 50 87 9F 9C 96 00 00 00 00 00 00 00 00 00 00 00 00 00 00   01 00 67 00 4A 01 07 F7 00 00 00 9C 0E 00 00 72 00 16 00 B8 78 EF 00 96 6D EF 00 07 1E 60 39 00 43 00 21 02 0B 00 00 01 01 01 01 00 EE 00 85 00 EE 00 64 00 00 00 00 00 00 00 00 02 00 01 9F 00 00 01 00 32 
Master Belch                  00   7D 91 A3 A4 95 A2 50 72 95 9C 93 98 00 00 00 00 00 00 00 00 00 00 00 00 00   01 00 62 00 48 01 07 8A 02 00 00 DD 30 00 00 98 02 1D 00 58 78 EF 00 71 6D EF 00 06 1B 63 32 00 58 00 10 14 3D 01 01 01 02 00 00 02 47 00 47 00 3E 00 F5 00 00 00 00 00 2D C0 00 03 01 00 00 00 01 00 03 00 
Big Pile of Puke              01   72 99 97 50 80 99 9C 95 50 9F 96 50 80 A5 9B 95 00 00 00 00 00 00 00 00 00   03 00 62 00 48 01 07 77 02 00 00 CB 4C 00 00 D8 02 1D 00 C7 78 EF 00 71 6D EF 00 05 39 63 78 00 9E 00 10 1A 20 01 02 01 01 02 01 01 04 00 57 00 50 00 47 00 00 00 00 00 00 00 00 03 00 01 BA 00 00 01 00 32 
Master Barf                   00   7D 91 A3 A4 95 A2 50 72 91 A2 96 00 00 00 00 00 00 00 00 00 00 00 00 00 00   01 00 62 00 48 01 07 27 05 00 00 80 E8 01 00 D0 0D 1D 00 58 78 EF 00 71 6D EF 00 13 3C 63 88 00 B1 00 18 27 40 01 02 01 02 01 00 00 47 00 66 00 57 00 F5 00 F4 00 00 00 00 C2 00 03 01 07 1B 00 01 00 03 00 
Kiss of Death                 01   7B 99 A3 A3 50 9F 96 50 74 95 91 A4 98 00 00 00 00 00 00 00 00 00 00 00 00   02 00 15 00 44 01 07 4D 01 00 00 72 28 00 00 10 02 17 00 C7 78 EF 00 71 6D EF 00 01 2E 60 5B 00 64 00 13 07 10 01 01 02 01 00 01 00 04 00 04 00 49 00 04 00 00 00 00 00 00 00 00 02 00 01 7E 00 00 01 00 32 
French Kiss of Death          01   76 A2 95 9E 93 98 50 7B 99 A3 A3 50 9F 96 50 74 95 91 A4 98 00 00 00 00 00   02 00 15 00 15 01 07 4C 02 00 00 0A 4B 00 00 6F 03 1B 00 9C 78 EF 00 71 6D EF 00 12 46 60 A0 00 A0 00 1E 07 10 01 01 02 01 00 01 00 49 00 49 00 49 00 49 00 00 00 00 00 00 00 00 02 00 01 82 00 00 00 00 32 
Foppy                         01   76 9F A0 A0 A9 00 00 00 00 00 00 00 00 00 00 00 00 00 00 00 00 00 00 00 00   03 00 11 00 16 01 07 78 00 0A 00 1F 05 00 00 5D 00 15 00 C7 78 EF 00 71 6D EF 00 01 10 62 1D 00 09 00 01 05 03 00 00 01 00 03 02 01 04 00 7E 00 3A 00 36 00 00 00 00 00 31 2D 00 02 00 01 62 06 00 01 00 32 
Fobby                         01   76 9F 92 92 A9 00 00 00 00 00 00 00 00 00 00 00 00 00 00 00 00 00 00 00 00   03 00 11 00 16 01 07 F0 00 13 00 AC 47 00 00 6C 02 15 00 C7 78 EF 00 71 6D EF 00 05 30 62 62 00 54 00 05 05 03 00 00 01 00 03 04 00 04 00 A1 00 3A 00 36 00 00 00 00 87 31 2D 00 03 00 02 62 06 00 00 04 32 
Zap Eel                       01   8A 91 A0 50 75 95 9C 00 00 00 00 00 00 00 00 00 00 00 00 00 00 00 00 00 00   03 00 44 00 2D 01 07 72 01 00 00 8A 2F 00 00 63 02 14 00 B8 78 EF 00 96 6D EF 00 04 30 63 61 00 5D 00 1D 05 08 00 01 01 01 02 01 00 CA 00 CA 00 CA 00 CA 00 00 00 00 00 00 00 00 02 00 01 62 00 00 01 04 32 
Tangoo                        01   84 91 9E 97 9F 9F 00 00 00 00 00 00 00 00 00 00 00 00 00 00 00 00 00 00 00   01 00 52 00 44 01 07 73 01 05 00 7E 39 00 00 3C 02 17 00 9C 78 EF 00 71 6D EF 00 05 30 62 60 00 63 00 13 14 10 01 01 00 01 01 01 01 04 00 D0 00 CD 00 D0 00 00 00 00 00 00 00 00 03 00 04 C7 00 00 00 00 32 
Boogey Tent                   00   72 9F 9F 97 95 A9 50 84 95 9E A4 00 00 00 00 00 00 00 00 00 00 00 00 00 00   03 00 56 00 00 00 07 43 02 38 00 7C 15 00 00 97 01 00 00 8B 78 EF 00 71 6D EF 00 05 19 66 2B 00 45 00 0A 10 20 00 03 01 03 02 00 00 04 00 B7 00 51 00 F5 00 00 00 00 A1 00 C5 00 03 01 00 00 00 01 01 00 00 
Squatter Demon                01   83 A1 A5 91 A4 A4 95 A2 50 74 95 9D 9F 9E 00 00 00 00 00 00 00 00 00 00 00   03 00 56 00 32 01 07 06 03 3C 00 B7 BC 00 00 81 03 17 00 9C 78 EF 00 71 6D EF 00 1E 45 66 9E 00 C0 00 2D 19 20 00 03 01 03 02 01 01 64 00 E4 00 A0 00 34 00 00 00 00 00 84 2B 00 03 00 01 82 00 00 00 00 32 
Crested Booka                 01   73 A2 95 A3 A4 95 94 50 72 9F 9F 9B 91 00 00 00 00 00 00 00 00 00 00 00 00   01 00 0C 00 28 01 07 09 01 00 00 C3 0B 00 00 82 00 14 00 B8 78 EF 00 71 6D EF 00 09 1C 62 35 00 49 00 11 18 25 03 01 01 02 00 04 03 82 00 04 00 EA 00 04 00 00 00 00 00 00 00 00 02 00 02 5D 00 00 01 00 32 
Great Crested Booka           01   77 A2 95 91 A4 50 73 A2 95 A3 A4 95 94 50 72 9F 9F 9B 91 00 00 00 00 00 00   01 00 0C 00 28 01 07 C4 01 00 00 ED 3F 00 00 5C 02 14 00 B8 78 EF 00 71 6D EF 00 03 31 62 64 00 6E 00 14 1C 28 03 01 01 02 00 04 01 04 00 82 00 EA 00 E2 00 00 00 00 00 00 00 00 02 00 01 F2 00 00 00 00 32 
Lesser Mook                   01   7C 95 A3 A3 95 A2 50 7D 9F 9F 9B 00 00 00 00 00 00 00 00 00 00 00 00 00 00   03 00 3D 00 32 01 07 91 01 BE 00 D8 1D 00 00 D3 01 17 00 9C 78 EF 00 71 6D EF 00 0B 27 61 4C 00 66 00 11 07 10 00 03 01 02 00 01 01 12 00 13 00 34 00 44 00 00 00 09 0A 2B 00 00 02 00 01 62 00 00 01 00 32 
Mook Senior                   01   7D 9F 9F 9B 50 83 95 9E 99 9F A2 00 00 00 00 00 00 00 00 00 00 00 00 00 00   03 00 3D 00 32 01 07 F5 01 BC 02 40 52 00 00 CB 02 17 00 9C 78 EF 00 71 6D EF 00 0D 36 61 6C 00 7A 00 19 07 10 00 03 01 02 00 01 01 13 00 0E 00 20 00 44 00 00 00 0A 05 17 00 00 02 00 02 62 00 00 00 02 32 
Smelly Ghost                  01   83 9D 95 9C 9C A9 50 77 98 9F A3 A4 00 00 00 00 00 00 00 00 00 00 00 00 00   03 00 35 00 1D 01 07 C2 00 32 00 5E 02 00 00 47 00 18 00 B8 78 EF 00 B8 6D EF 00 02 15 62 23 00 59 00 0A 02 09 00 02 00 00 00 01 01 04 00 82 00 20 00 E8 00 00 00 00 00 17 00 00 02 00 03 09 00 00 01 00 32 
Stinky Ghost                  01   83 A4 99 9E 9B A9 50 77 98 9F A3 A4 00 00 00 00 00 00 00 00 00 00 00 00 00   03 00 35 00 1D 01 07 BC 01 00 00 7B 33 00 00 1D 02 18 00 B8 78 EF 00 B8 6D EF 00 0D 2E 62 5A 00 B3 00 12 04 07 00 02 00 00 00 01 01 04 00 82 00 4C 00 E8 00 00 00 00 00 00 00 00 02 00 01 61 00 00 00 00 00 
Everdred                      00   75 A6 95 A2 94 A2 95 94 00 00 00 00 00 00 00 00 00 00 00 00 00 00 00 00 00   01 00 20 00 9D 00 07 B6 00 00 00 DA 03 00 00 AB 00 15 00 58 78 EF 00 19 6E EF 00 01 0F 62 19 00 23 00 06 0A 28 01 01 01 01 01 01 00 EB 00 42 00 04 00 F5 00 00 00 00 00 00 C7 00 03 01 00 00 00 01 01 00 00 
Attack Slug                   01   71 A4 A4 91 93 9B 50 83 9C A5 97 00 00 00 00 00 00 00 00 00 00 00 00 00 00   03 01 2F 00 3C 01 07 1E 00 06 00 1B 00 00 00 06 00 14 00 B8 78 EF 00 96 6D EF 00 02 05 60 09 00 02 00 01 00 03 00 00 01 00 03 01 01 04 00 04 00 79 00 34 00 00 00 00 00 00 2B 00 01 00 00 93 06 00 00 00 32 
Pit Bull Slug                 01   80 99 A4 50 72 A5 9C 9C 50 83 9C A5 97 00 00 00 00 00 00 00 00 00 00 00 00   03 01 2F 00 3C 01 07 D9 00 0B 00 0A 27 00 00 1F 02 14 00 B8 78 EF 00 96 6D EF 00 03 27 60 4F 00 4D 00 02 05 07 00 00 01 00 03 01 01 04 00 04 00 62 00 34 00 00 00 00 00 00 2B 00 02 00 05 7C 06 00 01 00 32 
Rowdy Mouse                   01   82 9F A7 94 A9 50 7D 9F A5 A3 95 00 00 00 00 00 00 00 00 00 00 00 00 00 00   01 00 14 00 A0 01 07 24 00 00 00 22 00 00 00 09 00 14 00 B8 78 EF 00 96 6D EF 00 01 06 65 07 00 14 00 05 E1 02 00 00 01 01 02 03 01 EE 00 EE 00 EE 00 EE 00 00 00 00 00 00 00 00 01 00 02 67 00 00 00 00 32 
Deadly Mouse                  01   74 95 91 94 9C A9 50 7D 9F A5 A3 95 00 00 00 00 00 00 00 00 00 00 00 00 00   01 00 14 00 A0 01 07 A0 01 00 00 09 24 00 00 96 01 14 00 B8 78 EF 00 96 6D EF 00 17 26 66 3F 00 62 00 12 E1 0D 00 01 01 01 02 03 00 64 00 EE 00 EE 00 EE 00 00 00 00 00 00 00 00 02 00 01 97 00 00 01 02 32 
Care Free Bomb                01   73 91 A2 95 50 76 A2 95 95 50 72 9F 9D 92 00 00 00 00 00 00 00 00 00 00 00   03 02 06 00 15 01 07 F8 01 00 00 5D 3A 00 00 81 02 1B 00 9C 78 EF 00 D8 6D EF 00 09 3C 60 87 00 D7 00 1F 0F 08 02 01 01 01 02 01 00 A7 00 A7 00 A7 00 A8 00 00 00 93 93 93 94 00 02 00 02 94 00 00 00 04 32 
Electro Specter               00   75 9C 95 93 A4 A2 9F 50 83 A0 95 93 A4 95 A2 00 00 00 00 00 00 00 00 00 00   01 00 39 00 4D 01 07 14 0C 50 00 05 FE 03 00 A4 19 17 00 58 78 EF 00 96 6D EF 00 02 43 68 94 00 CB 00 1D 2F 38 01 01 03 03 02 00 01 CA 00 F5 00 CA 00 B0 00 00 00 00 C8 00 88 00 03 01 00 00 02 01 01 00 00 
Handsome Tom                  01   78 91 9E 94 A3 9F 9D 95 50 84 9F 9D 00 00 00 00 00 00 00 00 00 00 00 00 00   01 00 1C 00 1E 01 07 85 00 10 00 08 02 00 00 2D 00 18 00 9C 78 EF 00 83 6D EF 00 03 10 66 1B 00 19 00 0B 05 08 00 02 00 01 03 02 01 04 00 81 00 34 00 3A 00 00 00 00 00 2B 31 00 02 00 03 78 00 00 01 00 32 
Smilin' Sam                   01   83 9D 99 9C 99 9E 57 50 83 91 9D 00 00 00 00 00 00 00 00 00 00 00 00 00 00   01 00 1C 00 1E 01 07 A1 00 37 00 C8 02 00 00 30 00 18 00 9C 78 EF 00 83 6D EF 00 01 14 66 22 00 2C 00 11 10 10 00 02 00 01 01 01 00 04 00 81 00 32 00 20 00 00 00 00 00 29 17 00 02 00 02 80 00 00 00 02 32 
Manly Fish                    01   7D 91 9E 9C A9 50 76 99 A3 98 00 00 00 00 00 00 00 00 00 00 00 00 00 00 00   01 00 1F 00 20 01 07 F4 01 00 00 D2 3D 00 00 70 02 15 00 AB 78 EF 00 71 6D EF 00 01 2A 63 53 00 72 00 16 09 14 03 01 01 01 02 01 01 DF 00 DF 00 DF 00 DF 00 00 00 00 00 00 00 00 02 00 02 F2 00 00 01 00 32 
Manly Fish's Brother          01   7D 91 9E 9C A9 50 76 99 A3 98 57 A3 50 72 A2 9F A4 98 95 A2 00 00 00 00 00   01 00 1F 00 20 01 07 0E 02 D2 00 62 3E 00 00 AE 02 15 00 AB 78 EF 00 71 6D EF 00 0E 38 67 72 00 7B 00 18 0B 18 01 03 02 02 02 01 00 34 00 38 00 13 00 27 00 00 00 2B 2F 0A 1E 00 03 00 00 82 00 00 00 02 32 
Runaway Dog                   01   82 A5 9E 91 A7 91 A9 50 74 9F 97 00 00 00 00 00 00 00 00 00 00 00 00 00 00   01 00 02 00 4A 01 07 15 00 00 00 04 00 00 00 03 00 16 00 B8 78 EF 00 96 6D EF 00 09 02 65 04 00 05 00 1A 00 01 00 00 00 00 00 01 01 85 00 EE 00 85 00 EE 00 00 00 00 00 00 00 00 01 00 02 67 00 00 01 00 32 
Trick or Trick Kid            01   84 A2 99 93 9B 50 9F A2 50 84 A2 99 93 9B 50 7B 99 94 00 00 00 00 00 00 00   01 00 1B 00 BC 01 07 8E 00 00 00 3A 02 00 00 2F 00 15 00 C7 78 EF 00 71 6D EF 00 01 12 60 1E 00 25 00 07 0C 0C 00 00 00 01 00 01 00 DD 00 DD 00 DD 00 82 00 00 00 00 00 00 00 00 02 00 02 93 00 00 00 00 32 
Cave Boy                      01   73 91 A6 95 50 72 9F A9 00 00 00 00 00 00 00 00 00 00 00 00 00 00 00 00 00   01 00 65 00 49 01 07 3A 01 00 00 6A 02 00 00 11 00 1D 00 B8 78 EF 00 96 6D EF 00 07 0B 66 15 00 21 00 4F 00 50 00 03 01 03 02 00 01 E9 00 74 00 E9 00 74 00 00 00 00 00 00 00 00 02 00 02 E9 00 00 01 00 32 
Abstract Art                  01   71 92 A3 A4 A2 91 93 A4 50 71 A2 A4 00 00 00 00 00 00 00 00 00 00 00 00 00   03 00 0F 00 2C 01 07 2D 01 3C 00 09 11 00 00 FF 00 1B 00 C7 78 EF 00 83 6D EF 00 09 23 62 43 00 4F 00 13 07 07 01 01 01 00 02 02 01 04 00 04 00 04 00 34 00 00 00 00 00 00 2B 00 01 00 02 80 00 00 00 00 32 
Shattered Man                 01   83 98 91 A4 A4 95 A2 95 94 50 7D 91 9E 00 00 00 00 00 00 00 00 00 00 00 00   01 00 38 00 33 01 07 B6 02 00 00 92 AE 00 00 46 0A 18 00 58 78 EF 00 71 6D EF 00 12 33 67 68 00 8A 00 12 19 26 02 01 01 00 01 00 01 04 00 72 00 D4 00 CC 00 00 00 00 00 00 00 00 03 01 06 8E 00 00 01 00 00 
Fierce Shattered Man          01   76 99 95 A2 93 95 50 83 98 91 A4 A4 95 A2 95 94 50 7D 91 9E 00 00 00 00 00   01 00 38 00 33 01 07 04 02 00 00 0F 44 00 00 41 02 18 00 B8 78 EF 00 71 6D EF 00 02 32 66 65 00 74 00 0C 05 04 02 01 01 00 01 02 01 04 00 66 00 D4 00 CC 00 00 00 00 00 00 00 00 03 00 06 8E 00 00 00 00 00 
Ego Orb                       01   75 97 9F 50 7F A2 92 00 00 00 00 00 00 00 00 00 00 00 00 00 00 00 00 00 00   03 00 66 00 47 01 07 50 02 00 00 74 5E 00 00 44 03 1E 00 C7 78 EF 00 83 6D EF 00 07 3A 66 7D 00 8C 00 11 01 08 02 00 02 03 02 01 00 6E 00 72 00 04 00 04 00 00 00 00 00 00 00 00 02 00 03 E1 00 00 01 00 00 
Thunder and Storm             00   84 98 A5 9E 94 95 A2 50 91 9E 94 50 83 A4 9F A2 9D 00 00 00 00 00 00 00 00   01 00 27 00 4D 01 07 11 08 46 00 02 F8 01 00 80 12 17 00 58 78 EF 00 96 6D EF 00 01 38 68 6F 00 B2 00 15 23 37 01 01 00 03 01 00 02 5C 00 83 00 69 00 F5 00 00 00 00 00 00 C9 00 03 01 00 00 00 01 00 00 00 
Yes Man Junior                01   89 95 A3 50 7D 91 9E 50 7A A5 9E 99 9F A2 00 00 00 00 00 00 00 00 00 00 00   01 00 40 00 1C 01 07 21 00 00 00 0D 00 00 00 12 00 15 00 B8 78 EF 00 96 6D EF 00 03 04 62 08 00 09 00 04 00 0E 01 01 01 01 01 03 00 E1 00 E1 00 04 00 78 00 00 00 00 00 00 00 00 03 00 02 59 00 00 00 02 32 
Frankystein Mark II           00   76 A2 91 9E 9B A9 A3 A4 95 99 9E 50 7D 91 A2 9B 50 79 79 00 00 00 00 00 00   03 02 61 00 00 00 07 5B 00 00 00 4C 00 00 00 1F 00 00 00 58 78 EF 00 F0 6D EF 00 06 07 66 0F 00 12 00 04 00 28 00 00 02 02 02 00 02 7F 00 DC 00 7F 00 F5 00 00 00 00 00 00 CA 00 03 01 00 00 00 01 01 00 00 
Frank                         00   76 A2 91 9E 9B 00 00 00 00 00 00 00 00 00 00 00 00 00 00 00 00 00 00 00 00   01 00 25 00 99 00 07 3F 00 00 00 32 00 00 00 30 00 15 00 58 78 EF 00 96 6D EF 00 01 06 64 0C 00 11 00 07 05 20 00 00 01 01 01 00 00 6D 00 D8 00 61 00 6D 00 00 00 00 00 00 00 00 03 01 00 00 00 01 00 00 00 
Cute Li'l UFO                 01   73 A5 A4 95 50 7C 99 57 9C 50 85 76 7F 00 00 00 00 00 00 00 00 00 00 00 00   03 02 31 00 30 01 07 A2 00 19 00 EF 05 00 00 6E 00 17 00 C7 78 EF 00 F0 6D EF 00 02 1B 60 31 00 20 00 3A 01 46 02 02 02 01 03 01 00 DE 00 DE 00 DE 00 20 00 00 00 00 00 00 17 00 02 00 02 00 00 00 01 00 32 
Beautiful UFO                 01   72 95 91 A5 A4 99 96 A5 9C 50 85 76 7F 00 00 00 00 00 00 00 00 00 00 00 00   03 02 31 00 30 01 07 53 01 0F 00 41 20 00 00 AA 01 17 00 C7 78 EF 00 F0 6D EF 00 13 2C 61 56 00 57 00 3B 01 47 02 02 02 01 03 01 00 DE 00 DE 00 DE 00 20 00 00 00 00 00 00 17 00 02 00 02 00 00 00 00 04 32 
Pogo Punk                     01   80 9F 97 9F 50 80 A5 9E 9B 00 00 00 00 00 00 00 00 00 00 00 00 00 00 00 00   01 00 60 00 1C 01 07 23 00 00 00 0F 00 00 00 12 00 15 00 B8 78 EF 00 96 6D EF 00 06 04 60 08 00 0A 00 03 00 0F 01 01 01 01 01 04 00 E2 00 E2 00 04 00 7D 00 00 00 00 00 00 00 00 03 00 07 5A 00 00 01 02 32 
Tough Guy                     01   84 9F A5 97 98 50 77 A5 A9 00 00 00 00 00 00 00 00 00 00 00 00 00 00 00 00   01 00 26 00 86 01 07 56 01 00 00 5E 24 00 00 0D 02 15 00 AB 78 EF 00 96 6D EF 00 01 25 66 48 00 5C 00 12 14 10 01 01 01 01 01 02 00 D8 00 D8 00 D8 00 60 00 00 00 00 00 00 00 00 03 00 05 A8 00 00 00 00 00 
Mad Taxi                      01   7D 91 94 50 84 91 A8 99 00 00 00 00 00 00 00 00 00 00 00 00 00 00 00 00 00   03 02 55 00 21 01 07 FD 00 00 00 20 09 00 00 D8 00 1E 00 B8 78 EF 00 03 6E EF 00 05 1C 62 35 00 44 00 26 05 08 02 02 02 00 02 01 00 6C 00 6C 00 CE 00 CE 00 00 00 00 00 00 00 00 02 00 00 89 00 00 01 00 32 
Evil Mani-Mani                00   75 A6 99 9C 50 7D 91 9E 99 5D 7D 91 9E 99 00 00 00 00 00 00 00 00 00 00 00   03 00 4F 00 25 01 07 5C 03 58 00 EB 6D 00 00 3C 07 00 00 58 78 EF 00 83 6D EF 00 03 2D 94 56 00 91 00 0F 01 50 01 01 01 03 01 00 03 36 00 38 00 04 00 F5 00 00 00 2D 2F 00 CB 00 03 01 00 00 00 01 00 00 00 
Mr. Molecule                  01   7D A2 5E 50 7D 9F 9C 95 93 A5 9C 95 00 00 00 00 00 00 00 00 00 00 00 00 00   03 00 2D 00 15 01 07 18 01 15 00 04 22 00 00 93 02 1B 00 9C 78 EF 00 96 6D EF 00 02 38 62 76 00 61 00 12 05 04 00 00 02 00 03 02 00 16 00 1A 00 0E 00 12 00 00 00 0D 11 05 09 00 02 00 01 CF 06 00 01 06 32 
Worthless Protoplasm          01   87 9F A2 A4 98 9C 95 A3 A3 50 80 A2 9F A4 9F A0 9C 91 A3 9D 00 00 00 00 00   03 00 3C 00 C3 00 07 26 00 00 00 11 00 00 00 0B 00 1F 00 B8 78 EF 00 96 6D EF 00 03 07 65 0B 00 15 00 1B 00 01 00 00 01 00 03 01 00 56 00 04 00 3E 00 04 00 00 00 00 00 8B 00 00 00 00 05 58 00 00 00 02 32 
Sentry Robot                  01   83 95 9E A4 A2 A9 50 82 9F 92 9F A4 00 00 00 00 00 00 00 00 00 00 00 00 00   03 02 36 00 36 01 07 74 01 00 00 AA 13 00 00 88 01 1E 00 66 78 EF 00 F0 6D EF 00 02 27 60 4D 00 69 00 11 0A 04 02 02 03 01 01 01 00 DE 00 86 00 3E 00 A3 00 00 00 00 00 8C 90 00 03 01 01 91 00 00 01 02 32 
Heavily Armed Pokey           00   78 95 91 A6 99 9C A9 50 71 A2 9D 95 94 50 80 9F 9B 95 A9 00 00 00 00 00 00   01 02 2A 00 2C 00 07 D2 06 E7 03 00 00 00 00 00 00 00 00 58 78 EF 00 71 6D EF 00 00 48 00 96 00 12 01 33 2D 37 02 02 02 03 01 00 00 04 00 0F 00 04 00 F5 00 00 00 00 06 00 CC 00 03 00 00 00 00 00 00 00 00 
Psychic Psycho                01   80 A3 A9 93 98 99 93 50 80 A3 A9 93 98 9F 00 00 00 00 00 00 00 00 00 00 00   01 00 1D 00 17 01 07 4F 02 FC 00 8E 75 00 00 AA 02 1B 00 9C 78 EF 00 19 6E EF 00 01 3A 66 7C 00 90 00 1E 01 18 03 01 01 02 03 01 01 0E 00 0F 00 0E 00 0F 00 00 00 05 06 05 06 00 03 00 02 62 00 00 01 00 32 
Major Psychic Psycho          01   7D 91 9A 9F A2 50 80 A3 A9 93 98 99 93 50 80 A3 A9 93 98 9F 00 00 00 00 00   01 00 1D 00 17 01 07 6A 02 3E 02 4F 99 00 00 5E 03 1B 00 9C 78 EF 00 19 6E EF 00 12 41 66 91 00 98 00 1F 01 18 03 02 02 03 01 01 03 0F 00 2F 00 38 00 10 00 00 00 06 26 2F 07 00 03 00 00 3E 00 00 00 00 32 
Mole Playing Rough            01   7D 9F 9C 95 50 80 9C 91 A9 99 9E 97 50 82 9F A5 97 98 00 00 00 00 00 00 00   01 00 4E 00 9F 01 07 67 00 00 00 C8 01 00 00 24 00 14 00 B8 78 EF 00 96 6D EF 00 05 0E 65 16 00 1C 00 09 02 08 01 01 00 00 02 03 01 D9 00 56 00 7E 00 70 00 00 00 00 00 00 00 00 02 00 02 66 00 00 01 03 32 
Gruff Goat                    01   77 A2 A5 96 96 50 77 9F 91 A4 00 00 00 00 00 00 00 00 00 00 00 00 00 00 00   01 00 5E 00 26 01 07 2D 00 00 00 14 00 00 00 09 00 16 00 B8 78 EF 00 96 6D EF 00 06 07 60 08 00 17 00 0C 00 10 00 00 01 01 00 01 00 DB 00 DB 00 DB 00 6E 00 00 00 00 00 00 00 00 02 00 04 7C 00 00 00 00 00 
Clumsy Robot                  00   73 9C A5 9D A3 A9 50 82 9F 92 9F A4 00 00 00 00 00 00 00 00 00 00 00 00 00   03 02 47 00 13 01 07 C2 03 00 00 7A 7E 00 00 21 08 1B 00 66 78 EF 00 83 6D EF 00 04 2E 94 58 00 89 00 53 1E 31 02 02 02 01 02 05 03 3A 01 3B 01 65 00 F5 00 F3 00 00 00 00 CD 00 03 01 00 00 01 01 01 00 00 
Soul Consuming Flame          01   83 9F A5 9C 50 73 9F 9E A3 A5 9D 99 9E 97 50 76 9C 91 9D 95 00 00 00 00 00   03 00 18 00 17 01 07 5A 02 00 00 F2 92 00 00 00 03 1B 00 C7 78 EF 00 83 6D EF 00 01 3B 67 83 00 06 01 1E 0E 08 03 00 01 01 02 01 00 79 00 5E 00 68 00 5D 00 00 00 00 00 00 00 00 03 00 01 BA 00 00 00 00 00 
Demonic Petunia               01   74 95 9D 9F 9E 99 93 50 80 95 A4 A5 9E 99 91 00 00 00 00 00 00 00 00 00 00   02 00 17 00 22 01 07 DE 01 00 00 43 3B 00 00 D4 02 1D 00 B8 78 EF 00 96 6D EF 00 01 32 66 66 00 6F 00 1A 05 09 00 03 01 03 02 01 01 79 00 5B 00 79 00 CB 00 00 00 00 00 00 00 00 02 00 01 F4 00 00 01 02 00 
Ranboob                       01   82 91 9E 92 9F 9F 92 00 00 00 00 00 00 00 00 00 00 00 00 00 00 00 00 00 00   01 00 09 00 24 01 07 E8 00 2A 00 B6 09 00 00 9E 00 15 00 9C 78 EF 00 96 6D EF 00 09 18 60 29 00 3F 00 14 01 09 00 02 01 01 01 01 03 04 00 28 00 04 00 4D 00 00 00 00 1F 00 00 00 02 00 01 5D 00 00 00 00 32 
Li'l UFO                      01   7C 99 57 9C 50 85 76 7F 00 00 00 00 00 00 00 00 00 00 00 00 00 00 00 00 00   03 02 2B 00 30 01 06 52 00 00 00 DF 00 00 00 0E 00 17 00 C7 78 EF 00 F0 6D EF 00 02 0C 60 12 00 11 00 35 0D 08 00 01 02 01 03 01 01 DE 00 DE 00 F1 00 DE 00 00 00 00 00 00 00 00 02 00 02 E0 00 00 01 02 32 
High-class UFO                01   78 99 97 98 5D 93 9C 91 A3 A3 50 85 76 7F 00 00 00 00 00 00 00 00 00 00 00   03 02 2B 00 30 01 07 B1 01 48 00 61 30 00 00 C8 01 17 00 C7 78 EF 00 F0 6D EF 00 0F 2F 61 5D 00 67 00 3C 0F 18 00 01 02 01 03 01 01 DE 00 DE 00 55 00 2C 00 00 00 00 00 00 23 00 02 00 02 E1 03 00 00 04 32 
Noose Man                     01   7E 9F 9F A3 95 50 7D 91 9E 00 00 00 00 00 00 00 00 00 00 00 00 00 00 00 00   03 00 51 00 43 01 07 E7 00 00 00 C6 07 00 00 DC 00 15 00 C7 78 EF 00 96 6D EF 00 05 1A 62 2F 00 34 00 12 05 04 00 02 01 01 03 01 01 04 00 04 00 04 00 4F 00 00 00 00 00 00 00 00 03 00 04 79 00 00 01 00 32 
Robo-pump                     01   82 9F 92 9F 5D A0 A5 9D A0 00 00 00 00 00 00 00 00 00 00 00 00 00 00 00 00   03 02 3E 00 17 01 07 AF 01 00 00 BD 12 00 00 5D 01 1B 00 C7 78 EF 00 D8 6D EF 00 03 24 62 46 00 71 00 13 05 04 02 02 02 01 02 01 02 7A 00 7B 00 7C 00 F5 00 00 00 00 00 00 CE 00 02 00 01 94 00 00 00 00 32 
Plain Crocodile               01   80 9C 91 99 9E 50 73 A2 9F 93 9F 94 99 9C 95 00 00 00 00 00 00 00 00 00 00   03 00 54 00 4C 01 07 EA 00 00 00 88 07 00 00 3E 00 1D 00 B8 78 EF 00 96 6D EF 00 05 18 60 28 00 37 00 0A 01 05 02 00 01 01 01 02 00 04 00 79 00 6F 00 71 00 00 00 00 00 00 00 00 02 00 00 FA 00 00 01 00 00 
Strong Crocodile              01   83 A4 A2 9F 9E 97 50 73 A2 9F 93 9F 94 99 9C 95 00 00 00 00 00 00 00 00 00   03 00 54 00 4C 01 07 A1 01 00 00 8A 27 00 00 EF 01 1D 00 B8 78 EF 00 96 6D EF 00 15 2B 60 55 00 83 00 11 05 06 01 01 01 01 01 02 00 04 00 79 00 6F 00 71 00 00 00 00 00 00 00 00 02 00 01 94 00 00 00 00 00 
Hard Crocodile                01   78 91 A2 94 50 73 A2 9F 93 9F 94 99 9C 95 00 00 00 00 00 00 00 00 00 00 00   03 00 54 00 4C 01 07 0A 02 00 00 1C 4C 00 00 B4 02 1D 00 B8 78 EF 00 96 6D EF 00 03 37 63 6E 00 80 00 17 0A 04 00 01 01 01 01 02 00 04 00 04 00 6F 00 71 00 00 00 00 00 00 00 00 02 00 01 03 00 00 01 00 32 
No Good Fly                   01   7E 9F 50 77 9F 9F 94 50 76 9C A9 00 00 00 00 00 00 00 00 00 00 00 00 00 00   03 01 59 00 3E 01 07 64 00 00 00 9F 01 00 00 1A 00 17 00 B8 78 EF 00 96 6D EF 00 15 0F 62 17 00 0D 00 0A 03 00 00 00 01 00 03 01 01 04 00 04 00 61 00 04 00 00 00 00 00 00 00 00 01 00 02 5B 00 00 00 02 32 
Mostly Bad Fly                01   7D 9F A3 A4 9C A9 50 72 91 94 50 76 9C A9 00 00 00 00 00 00 00 00 00 00 00   03 01 59 00 3E 01 07 8D 00 00 00 5C 04 00 00 54 00 17 00 B8 78 EF 00 96 6D EF 00 02 13 8D 20 00 10 00 0F 04 00 00 00 01 00 02 01 01 04 00 04 00 61 00 04 00 00 00 00 00 00 00 00 02 00 02 5F 00 00 01 00 32 
Spiteful Crow                 01   83 A0 99 A4 95 96 A5 9C 50 73 A2 9F A7 00 00 00 00 00 00 00 00 00 00 00 00   01 00 10 00 1A 01 07 18 00 00 00 03 00 00 00 05 00 19 00 B8 78 EF 00 96 6D EF 00 01 1B 65 05 00 03 00 4D 00 01 00 00 00 00 01 01 00 DA 00 DA 00 82 00 42 00 00 00 00 00 00 00 00 02 00 07 58 00 00 00 00 32 
my pet                        00   9D A9 50 A0 95 A4 00 00 00 00 00 00 00 00 00 00 00 00 00 00 00 00 00 00 00   01 00 00 00 00 00 07 E7 03 00 00 00 00 00 00 00 00 00 00 58 78 EF 00 FF 7E C7 00 00 05 00 04 00 63 00 0A 28 18 01 01 01 01 01 01 00 EE 00 72 00 E2 00 08 01 00 00 00 00 00 00 00 00 00 00 00 00 00 01 00 32 
Pokey                         00   80 9F 9B 95 A9 00 00 00 00 00 00 00 00 00 00 00 00 00 00 00 00 00 00 00 00   01 00 00 00 00 00 07 E7 03 00 00 00 00 00 00 00 00 00 00 58 78 EF 00 FF 7E C7 00 00 05 00 01 00 63 00 05 01 01 01 01 01 01 01 01 00 04 01 04 01 04 01 04 01 00 00 00 00 00 00 00 00 00 00 00 00 00 00 00 32 
Picky                         00   80 99 93 9B A9 00 00 00 00 00 00 00 00 00 00 00 00 00 00 00 00 00 00 00 00   01 00 00 00 00 00 07 E7 03 00 00 00 00 00 00 00 00 00 00 58 78 EF 00 FF 7E C7 00 00 05 00 03 00 63 00 19 0A 01 01 01 01 01 01 01 00 04 00 04 00 04 00 09 01 00 00 00 00 00 00 00 00 00 00 00 00 00 01 00 32 
Tony                          00   84 9F 9E A9 00 00 00 00 00 00 00 00 00 00 00 00 00 00 00 00 00 00 00 00 00   03 00 00 00 00 00 07 E7 03 00 00 00 00 00 00 00 00 00 00 58 78 EF 00 FF 7E C7 00 00 05 00 04 00 63 00 0C 14 08 01 01 01 01 01 01 00 04 00 04 00 04 00 0A 01 00 00 00 00 00 00 00 00 00 00 00 00 00 00 00 32 
Bubble Monkey                 00   72 A5 92 92 9C 95 50 7D 9F 9E 9B 95 A9 00 00 00 00 00 00 00 00 00 00 00 00   01 00 00 00 00 00 07 E7 03 00 00 00 00 00 00 00 00 00 00 58 78 EF 00 FF 7E C7 00 00 05 00 07 00 63 00 14 05 1E 01 01 01 01 02 01 00 04 00 04 00 04 00 0B 01 00 00 00 00 00 00 00 00 00 00 00 00 00 01 00 32 
Dungeon Man                   00   74 A5 9E 97 95 9F 9E 50 7D 91 9E 00 00 00 00 00 00 00 00 00 00 00 00 00 00   01 00 00 00 00 00 07 E7 03 00 00 00 00 00 00 00 00 00 00 58 78 EF 00 FF 7E C7 00 00 05 00 FF 00 63 00 01 1E 01 01 01 01 01 01 01 00 04 00 04 00 04 00 D4 00 00 00 00 00 00 00 00 00 00 00 00 00 00 00 00 32 
Flying Man                    00   76 9C A9 99 9E 97 50 7D 91 9E 00 00 00 00 00 00 00 00 00 00 00 00 00 00 00   01 00 00 00 00 00 07 2C 01 00 00 00 00 00 00 00 00 00 00 58 78 EF 00 84 6C EF 00 00 63 00 5F 00 5C 00 64 32 18 01 01 01 01 02 01 00 DC 00 DC 00 E2 00 E2 00 00 00 00 00 00 00 00 00 00 00 00 00 00 01 00 32 
Teddy Bear                    01   84 95 94 94 A9 50 72 95 91 A2 00 00 00 00 00 00 00 00 00 00 00 00 00 00 00   03 00 00 00 00 00 07 64 00 00 00 00 00 00 00 00 00 00 00 58 78 EF 00 2A 6D EF 00 00 05 00 07 00 14 00 00 05 08 00 02 01 01 03 01 00 00 00 00 00 00 00 00 00 00 00 00 00 00 00 00 00 00 00 00 00 00 00 00 32 
Super Plush Bear              01   83 A5 A0 95 A2 50 80 9C A5 A3 98 50 72 95 91 A2 00 00 00 00 00 00 00 00 00   03 00 00 00 00 00 07 90 01 00 00 00 00 00 00 00 00 00 00 58 78 EF 00 4C 6D EF 00 00 05 00 07 00 32 00 00 05 08 00 02 01 01 03 01 00 00 00 00 00 00 00 00 00 00 00 00 00 00 00 00 00 00 00 00 00 00 01 00 32 
Master Belch                  00   7D 91 A3 A4 95 A2 50 72 95 9C 93 98 00 00 00 00 00 00 00 00 00 00 00 00 00   01 00 62 00 48 01 07 8A 02 00 00 DD 30 00 00 98 02 1D 00 58 78 EF 00 71 6D EF 00 06 1B 63 32 00 58 00 10 14 3D 01 01 01 02 00 00 00 01 01 01 01 01 01 01 01 00 00 00 00 00 00 00 02 01 00 00 00 01 00 03 00 
Insane Cultist                01   79 9E A3 91 9E 95 50 73 A5 9C A4 99 A3 A4 00 00 00 00 00 00 00 00 00 00 00   01 00 3F 00 65 00 07 5E 00 00 00 61 01 00 00 21 00 15 00 8B 78 EF 00 19 6E EF 00 03 0D 66 13 00 19 00 08 14 40 01 01 01 01 01 01 00 00 00 00 00 00 00 00 00 00 00 00 00 00 00 00 00 01 00 62 00 00 01 03 32 
Dept. Store Spook             00   74 95 A0 A4 5E 50 83 A4 9F A2 95 50 83 A0 9F 9F 9B 00 00 00 00 00 00 00 00   01 00 3D 00 32 01 07 62 02 22 01 E3 5E 00 00 70 06 17 00 58 78 EF 00 71 6D EF 00 16 2A 66 52 00 87 00 13 18 3E 01 01 01 02 01 00 03 37 00 3A 00 12 00 F5 00 00 00 2E 31 09 02 00 00 01 00 00 00 01 00 00 00 
|'s Nightmare                 00   AC 57 A3 50 7E 99 97 98 A4 9D 91 A2 95 00 00 00 00 00 00 00 00 00 00 00 00   03 00 4F 00 25 01 07 76 06 72 03 AC 5B 01 00 5A 11 00 00 58 78 EF 00 83 6D EF 00 05 47 94 AC 00 FD 00 1F 01 50 01 02 02 03 01 00 02 0A 00 21 00 0D 00 F5 00 00 00 01 18 04 15 00 03 01 00 00 00 01 01 00 00 
Mr. Carpainter                00   7D A2 5E 50 73 91 A2 A0 91 99 9E A4 95 A2 00 00 00 00 00 00 00 00 00 00 00   01 00 21 00 9F 00 07 06 01 46 00 84 05 00 00 C3 00 15 00 58 78 EF 00 19 6E EF 00 01 15 94 21 00 2D 00 08 0D 48 01 01 01 01 01 01 02 5C 00 2C 00 D7 00 F5 00 00 00 00 23 00 1A 00 03 01 00 00 00 01 00 00 00 
Carbon Dog                    00   73 91 A2 92 9F 9E 50 74 9F 97 00 00 00 00 00 00 00 00 00 00 00 00 00 00 00   01 00 28 00 4D 01 07 88 06 00 00 00 00 00 00 00 00 17 00 58 78 EF 00 96 6D EF 00 01 46 67 9F 00 AE 00 1F 34 35 03 02 01 02 02 00 01 5D 00 F5 00 E2 00 85 00 22 01 00 1B 00 00 53 03 01 00 00 00 01 01 00 00 
Chomposaur                    01   73 98 9F 9D A0 9F A3 91 A5 A2 00 00 00 00 00 00 00 00 00 00 00 00 00 00 00   03 00 0E 00 2A 01 07 08 05 40 01 5A AD 00 00 80 03 1D 00 B8 78 EF 00 96 6D EF 00 09 3E 66 8B 00 B7 00 11 03 10 03 01 01 02 01 02 01 E0 00 F5 00 0F 00 10 00 00 00 00 24 06 07 00 03 00 00 21 00 00 01 00 00 
Titanic Ant                   00   84 99 A4 91 9E 99 93 50 71 9E A4 00 00 00 00 00 00 00 00 00 00 00 00 00 00   03 01 49 00 4D 01 07 EB 00 66 00 AD 02 00 00 96 00 17 00 58 78 EF 00 96 6D EF 00 04 0D 67 13 00 17 00 06 09 48 02 02 02 01 01 00 01 F5 00 EE 00 6F 00 28 00 00 00 25 00 00 1F 00 03 01 00 00 00 01 00 00 00 
Gigantic Ant                  01   77 99 97 91 9E A4 99 93 50 71 9E A4 00 00 00 00 00 00 00 00 00 00 00 00 00   03 01 49 00 39 01 07 34 01 51 00 8C 0F 00 00 30 01 14 00 B8 78 EF 00 96 6D EF 00 01 1E 66 36 00 70 00 11 05 06 00 00 01 01 01 01 00 38 00 77 00 3E 00 F5 00 00 00 2F 00 26 26 00 03 00 02 E9 00 00 01 02 32 
Shrooom!                      00   83 98 A2 9F 9F 9F 9D 51 00 00 00 00 00 00 00 00 00 00 00 00 00 00 00 00 00   03 00 0B 00 4D 01 07 A4 06 70 00 43 78 01 00 F6 0F 17 00 58 78 EF 00 96 6D EF 00 09 30 67 5F 00 9A 00 12 20 48 00 02 01 03 01 00 00 4B 00 04 00 55 00 F5 00 00 00 00 00 00 27 00 03 01 00 00 00 01 01 00 00 
Plague Rat of Doom            00   80 9C 91 97 A5 95 50 82 91 A4 50 9F 96 50 74 9F 9F 9D 00 00 00 00 00 00 00   01 00 4B 00 4D 01 07 23 07 3C 00 48 C2 01 00 70 11 17 00 58 78 EF 00 96 6D EF 00 04 2F 67 47 00 B4 00 13 FA 2D 01 02 01 02 02 00 00 04 00 F5 00 82 00 04 00 00 00 00 28 00 00 00 03 01 00 00 00 01 01 00 00 
Mondo Mole                    00   7D 9F 9E 94 9F 50 7D 9F 9C 95 00 00 00 00 00 00 00 00 00 00 00 00 00 00 00   01 00 53 00 4D 01 07 F2 01 A1 00 9F 16 00 00 90 01 17 00 58 78 EF 00 96 6D EF 00 05 17 67 25 00 32 00 09 0F 24 02 03 00 00 02 00 00 2C 00 30 00 70 00 F5 00 00 00 23 27 00 29 00 03 01 00 00 00 01 01 00 00 
Guardian Digger               01   77 A5 91 A2 94 99 91 9E 50 74 99 97 97 95 A2 00 00 00 00 00 00 00 00 00 00   01 00 53 00 4D 01 07 82 01 6E 00 95 43 00 00 BB 05 17 00 58 78 EF 00 96 6D EF 00 15 20 67 3B 00 81 00 11 15 37 01 01 00 02 02 00 01 6E 00 F5 00 04 00 20 00 00 00 00 2A 00 17 00 03 01 00 00 00 01 00 00 00 
Kraken                        00   7B A2 91 9B 95 9E 00 00 00 00 00 00 00 00 00 00 00 00 00 00 00 00 00 00 00   03 00 29 00 27 01 07 49 04 B0 00 A3 35 01 00 E9 0B 1D 00 66 78 EF 00 71 6D EF 00 01 36 68 69 00 A6 00 15 01 20 02 02 01 01 02 00 03 1B 00 5E 00 75 00 F5 00 00 00 12 00 00 31 00 03 01 00 00 00 00 00 00 32 
Bionic Kraken                 01   72 99 9F 9E 99 93 50 7B A2 91 9B 95 9E 00 00 00 00 00 00 00 00 00 00 00 00   03 00 29 00 32 01 07 84 03 3C 00 84 C4 00 00 C0 03 17 00 C7 78 EF 00 71 6D EF 00 18 46 68 9B 00 C3 00 2A 01 20 02 01 01 01 02 01 00 00 00 00 00 00 00 00 00 00 00 00 00 00 00 00 03 00 00 1A 00 00 01 00 32 
Starman                       01   83 A4 91 A2 9D 91 9E 00 00 00 00 00 00 00 00 00 00 00 00 00 00 00 00 00 00   01 00 37 00 2F 01 07 21 02 9B 00 64 5B 00 00 D0 02 1A 00 C7 78 EF 00 71 6D EF 00 02 37 61 67 00 7E 00 18 19 10 01 01 02 02 01 01 00 28 00 DE 00 B6 00 F5 00 00 00 1F 00 9F 43 00 03 00 00 64 00 00 00 02 32 
Starman Super                 01   83 A4 91 A2 9D 91 9E 50 83 A5 A0 95 A2 00 00 00 00 00 00 00 00 00 00 00 00   01 00 37 00 2F 01 07 38 02 36 01 C1 75 00 00 DF 02 1A 00 C7 78 EF 00 71 6D EF 00 1A 38 61 70 00 81 00 18 19 10 01 01 02 02 01 01 00 2D 00 27 00 DE 00 F5 00 00 00 25 1E 00 44 00 03 00 00 23 00 00 01 02 32 
Ghost of Starman              01   77 98 9F A3 A4 50 9F 96 50 83 A4 91 A2 9D 91 9E 00 00 00 00 00 00 00 00 00   01 00 37 00 32 01 07 EE 02 CE 01 37 BE 00 00 27 03 17 00 C7 78 EF 00 71 6D EF 00 0C 44 61 98 00 AA 00 2E 2B 10 02 02 02 01 01 01 02 7B 00 7C 00 1F 00 F5 00 00 00 00 00 16 45 00 03 00 00 50 00 00 00 00 32 
Starman Deluxe                01   83 A4 91 A2 9D 91 9E 50 74 95 9C A5 A8 95 00 00 00 00 00 00 00 00 00 00 00   01 00 6A 00 32 01 07 78 05 A2 01 0C 73 02 00 F3 0E 17 00 58 78 EF 00 71 6D EF 00 02 41 61 8F 00 BA 00 1B 2B 15 01 02 03 02 02 00 00 F5 00 DE 00 2D 00 3E 00 00 00 4A 00 25 43 00 03 01 00 00 00 01 01 02 00 
Final Starman                 01   76 99 9E 91 9C 50 83 A4 91 A2 9D 91 9E 00 00 00 00 00 00 00 00 00 00 00 00   01 00 6A 00 32 01 07 48 03 5C 03 E9 F1 00 00 93 03 17 00 C7 78 EF 00 71 6D EF 00 10 47 61 B2 00 BB 00 2F 19 18 02 02 02 02 01 01 03 1F 00 77 00 27 00 F5 00 00 00 16 00 1E 4B 00 03 00 02 62 00 00 00 00 32 
Urban Zombie                  01   85 A2 92 91 9E 50 8A 9F 9D 92 99 95 00 00 00 00 00 00 00 00 00 00 00 00 00   03 00 48 00 34 01 07 AB 00 00 00 BC 02 00 00 3A 00 15 00 B8 78 EF 00 31 6E EF 00 04 13 60 1F 00 18 00 0A 0F 18 00 03 00 01 01 01 00 00 00 00 00 00 00 00 00 00 00 00 00 00 00 00 02 00 02 5A 00 00 01 02 32 
Diamond Dog                   00   74 99 91 9D 9F 9E 94 50 74 9F 97 00 00 00 00 00 00 00 00 00 00 00 00 00 00   01 00 4C 00 4D 01 07 10 0D 9A 00 4A 27 05 00 38 1B 17 00 58 78 EF 00 96 6D EF 00 04 46 61 A7 00 E6 00 1F 0A 2F 02 02 03 03 02 00 00 6F 00 F5 00 85 00 E4 00 00 00 00 53 00 00 00 03 01 00 00 00 01 00 00 00 
Trillionage Sprout            00   84 A2 99 9C 9C 99 9F 9E 91 97 95 50 83 A0 A2 9F A5 A4 00 00 00 00 00 00 00   03 00 58 00 4D 01 07 18 04 F0 00 5F 76 00 00 4E 05 17 00 58 78 EF 00 96 6D EF 00 05 1D 67 36 00 58 00 10 15 47 00 02 01 03 02 00 00 2C 00 04 00 44 00 F5 00 00 00 23 00 00 5A 00 03 01 00 00 00 01 00 03 00 
Master Belch                  00   7D 91 A3 A4 95 A2 50 72 95 9C 93 98 00 00 00 00 00 00 00 00 00 00 00 00 00   01 00 62 00 48 01 07 8A 02 00 00 DD 30 00 00 98 02 1D 00 58 78 EF 00 71 6D EF 00 06 1B 63 32 00 58 00 10 14 3D 01 01 01 02 00 00 00 47 00 66 00 3E 00 79 00 00 00 00 00 2D 00 00 03 01 00 00 00 01 00 03 00 
Big Pile of Puke              01   72 99 97 50 80 99 9C 95 50 9F 96 50 80 A5 9B 95 00 00 00 00 00 00 00 00 00   03 00 62 00 48 01 07 61 02 4C 00 9F 44 00 00 B2 02 1D 00 C7 78 EF 00 71 6D EF 00 05 3B 63 86 00 92 00 0E 0B 05 00 02 01 01 01 02 00 00 00 00 00 00 00 00 00 00 00 00 00 00 00 00 03 00 01 BA 00 00 01 03 32 
Master Barf                   00   7D 91 A3 A4 95 A2 50 72 91 A2 96 00 00 00 00 00 00 00 00 00 00 00 00 00 00   01 00 62 00 48 01 07 27 05 00 00 80 E8 01 00 D0 0D 1D 00 58 78 EF 00 71 6D EF 00 13 3C 63 88 00 B1 00 18 27 40 01 02 01 02 01 00 00 3E 00 66 00 47 00 F5 00 F4 00 2E 00 00 5F 00 03 01 07 1B 00 01 00 03 00 
Loaded Dice                   01   7C 9F 91 94 95 94 50 74 99 93 95 00 00 00 00 00 00 00 00 00 00 00 00 00 00   03 00 3A 00 C3 00 07 33 01 00 00 B0 29 00 00 BF 02 1F 00 B8 78 EF 00 96 6D EF 00 03 3B 60 92 00 71 00 4D 4B 06 00 00 02 00 03 01 00 3E 00 3E 00 3E 00 3E 00 00 00 11 63 47 11 00 03 00 02 62 00 00 01 00 32 
Tangoo                        01   84 91 9E 97 9F 9F 00 00 00 00 00 00 00 00 00 00 00 00 00 00 00 00 00 00 00   01 00 52 00 44 01 07 73 01 05 00 7E 39 00 00 3C 02 17 00 9C 78 EF 00 71 6D EF 00 05 30 62 60 00 63 00 13 14 10 01 01 00 01 01 01 00 00 00 00 00 00 00 00 00 00 00 00 00 00 00 00 03 00 04 C7 00 00 00 00 32 
Boogey Tent                   00   72 9F 9F 97 95 A9 50 84 95 9E A4 00 00 00 00 00 00 00 00 00 00 00 00 00 00   03 00 56 00 00 00 07 43 02 38 00 7C 15 00 00 97 01 00 00 8B 78 EF 00 71 6D EF 00 05 19 66 2B 00 45 00 0A 10 20 00 03 01 03 02 00 03 F8 00 04 00 1A 00 F5 00 00 00 00 00 11 66 00 03 01 00 00 00 01 01 00 00 
Squatter Demon                01   83 A1 A5 91 A4 A4 95 A2 50 74 95 9D 9F 9E 00 00 00 00 00 00 00 00 00 00 00   03 00 56 00 32 01 07 06 03 3C 00 B7 BC 00 00 81 03 17 00 9C 78 EF 00 71 6D EF 00 1E 45 66 9E 00 C0 00 2D 19 20 00 03 01 03 02 01 00 00 00 00 00 00 00 00 00 00 00 00 00 00 00 00 03 00 01 82 00 00 00 00 32 
Everdred                      00   75 A6 95 A2 94 A2 95 94 00 00 00 00 00 00 00 00 00 00 00 00 00 00 00 00 00   01 00 20 00 9D 00 07 B6 00 00 00 DA 03 00 00 AB 00 15 00 58 78 EF 00 19 6E EF 00 01 0F 62 19 00 23 00 06 0A 28 01 01 01 01 01 01 00 04 00 82 00 EE 00 F5 00 00 00 00 00 00 6E 00 03 01 00 00 00 01 01 00 00 
Electro Specter               00   75 9C 95 93 A4 A2 9F 50 83 A0 95 93 A4 95 A2 00 00 00 00 00 00 00 00 00 00   01 00 39 00 4D 01 07 14 0C 50 00 05 FE 03 00 A4 19 17 00 58 78 EF 00 96 6D EF 00 02 43 68 94 00 CB 00 1D 2F 38 01 01 03 03 02 00 03 F7 00 A0 00 CA 00 F5 00 00 00 C3 84 00 74 00 03 01 00 00 00 01 01 00 00 
Thunder and Storm             00   84 98 A5 9E 94 95 A2 50 91 9E 94 50 83 A4 9F A2 9D 00 00 00 00 00 00 00 00   01 00 27 00 4D 01 07 11 08 46 00 02 F8 01 00 80 12 17 00 58 78 EF 00 96 6D EF 00 01 38 68 6F 00 B2 00 15 23 37 01 01 00 03 01 00 03 58 00 04 00 5C 00 F5 00 00 00 00 00 00 80 00 03 01 00 00 00 01 00 00 00 
Frankystein Mark II           00   76 A2 91 9E 9B A9 A3 A4 95 99 9E 50 7D 91 A2 9B 50 79 79 00 00 00 00 00 00   03 02 61 00 00 00 07 5B 00 00 00 4C 00 00 00 1F 00 00 00 58 78 EF 00 F0 6D EF 00 06 07 66 0F 00 12 00 04 00 28 00 00 02 02 02 00 03 6E 00 DC 00 7F 00 F5 00 00 00 00 00 00 82 00 03 01 00 00 00 01 01 00 00 
Evil Mani-Mani                00   75 A6 99 9C 50 7D 91 9E 99 5D 7D 91 9E 99 00 00 00 00 00 00 00 00 00 00 00   03 00 4F 00 25 01 07 5C 03 58 00 EB 6D 00 00 3C 07 00 00 58 78 EF 00 83 6D EF 00 03 2D 94 56 00 91 00 0F 01 50 01 01 01 03 01 00 03 F8 00 04 00 C9 00 F5 00 00 00 00 00 00 89 00 03 01 00 00 00 01 00 00 00 
Heavily Armed Pokey           00   78 95 91 A6 99 9C A9 50 71 A2 9D 95 94 50 80 9F 9B 95 A9 00 00 00 00 00 00   01 02 2A 00 2C 00 07 D2 06 E7 03 00 00 00 00 00 00 15 00 58 78 EF 00 71 6D EF 00 01 48 00 96 00 12 01 33 2D 37 02 02 02 03 01 00 02 04 00 04 00 04 00 F5 00 00 00 00 00 00 8D 00 03 00 00 00 00 00 00 00 00 
Clumsy Robot                  00   73 9C A5 9D A3 A9 50 82 9F 92 9F A4 00 00 00 00 00 00 00 00 00 00 00 00 00   03 02 47 00 13 01 07 C2 03 00 00 7A 7E 00 00 21 08 1B 00 66 78 EF 00 83 6D EF 00 04 2E 94 58 00 89 00 53 1E 31 02 02 02 01 02 05 02 46 00 3C 01 39 01 F5 00 F3 00 00 00 00 E6 00 03 01 00 00 00 01 01 00 00 
Robo-pump                     01   82 9F 92 9F 5D A0 A5 9D A0 00 00 00 00 00 00 00 00 00 00 00 00 00 00 00 00   03 02 3E 00 17 01 07 AF 01 00 00 BD 12 00 00 5D 01 1B 00 C7 78 EF 00 D8 6D EF 00 03 24 62 46 00 71 00 13 05 04 02 02 02 01 02 01 02 A7 00 63 00 86 00 F5 00 00 00 93 00 00 99 00 02 00 01 94 00 00 00 00 32 
Foppy                         01   76 9F A0 A0 A9 00 00 00 00 00 00 00 00 00 00 00 00 00 00 00 00 00 00 00 00   03 00 11 00 16 01 07 78 00 0A 00 1F 05 00 00 5D 00 15 00 C7 78 EF 00 71 6D EF 00 01 10 62 1D 00 09 00 01 05 03 00 00 01 00 03 02 00 00 00 00 00 00 00 00 00 00 00 00 00 00 00 00 02 00 01 62 00 00 01 00 32 
Guardian General              00   77 A5 91 A2 94 99 91 9E 50 77 95 9E 95 A2 91 9C 00 00 00 00 00 00 00 00 00   01 00 57 00 42 01 07 3F 03 06 00 9E 74 01 00 A3 0C 1C 00 58 78 EF 00 83 6D EF 00 13 37 67 6D 00 D6 00 15 01 07 01 02 01 02 01 00 00 04 00 E2 00 EA 00 F5 00 00 00 00 00 00 49 00 03 01 00 00 00 01 00 00 00 
Black Antoid                  01   72 9C 91 93 9B 50 71 9E A4 9F 99 94 00 00 00 00 00 00 00 00 00 00 00 00 00   03 01 01 00 3C 01 07 22 00 19 00 25 00 00 00 07 00 14 00 B8 78 EF 00 96 6D EF 00 08 07 60 0E 00 0D 00 04 03 00 00 00 01 00 00 01 03 20 00 20 00 20 00 20 00 00 00 17 17 17 17 00 01 00 00 00 00 00 01 03 32 
Struttin' Evil Mushroom       01   83 A4 A2 A5 A4 A4 99 9E 57 50 75 A6 99 9C 50 7D A5 A3 98 A2 9F 9F 9D 00 00   03 00 05 00 23 01 07 3C 00 00 00 5F 00 00 00 0F 00 18 00 9C 78 EF 00 83 6D EF 00 09 07 62 0F 00 0A 00 05 05 01 00 00 01 01 03 02 00 7E 00 04 00 04 00 04 00 00 00 00 00 00 00 00 01 00 06 58 00 00 01 00 32 
Runaway Dog                   01   82 A5 9E 91 A7 91 A9 50 74 9F 97 00 00 00 00 00 00 00 00 00 00 00 00 00 00   01 00 02 00 4A 01 07 15 00 00 00 04 00 00 00 03 00 16 00 B8 78 EF 00 96 6D EF 00 09 49 65 04 00 05 00 1A 00 01 00 00 00 00 00 01 00 85 00 EE 00 EE 00 6F 00 00 00 00 00 00 00 00 01 00 06 67 00 00 01 00 32 
Cave Boy                      01   73 91 A6 95 50 72 9F A9 00 00 00 00 00 00 00 00 00 00 00 00 00 00 00 00 00   01 00 65 00 49 01 07 3A 01 00 00 6A 02 00 00 11 00 1D 00 B8 78 EF 00 96 6D EF 00 07 0B 66 15 00 21 00 05 00 50 00 03 01 03 02 08 00 04 00 04 00 04 00 04 00 00 00 00 00 00 00 00 02 00 07 5D 00 00 01 00 32 
Tiny Li'l Ghost               01   84 99 9E A9 50 7C 99 57 9C 50 77 98 9F A3 A4 00 00 00 00 00 00 00 00 00 00   03 00 00 00 00 00 07 5A 00 00 00 01 00 00 00 A2 00 00 00 58 78 EF 00 B8 6D EF 00 00 12 65 13 00 07 00 64 19 18 01 01 00 01 00 04 00 CC 00 CC 00 04 00 04 00 00 00 00 00 00 00 00 03 00 00 00 00 00 00 00 32 
Starman Junior                01   83 A4 91 A2 9D 91 9E 50 7A A5 9E 99 9F A2 00 00 00 00 00 00 00 00 00 00 00   01 00 37 00 2F 01 07 C8 00 E7 03 10 00 00 00 14 00 1A 00 66 78 EF 00 71 6D EF 00 02 06 94 0B 00 0A 00 01 00 50 03 03 03 03 02 00 01 0F 00 67 00 12 00 0E 00 00 00 06 00 09 05 00 03 01 00 00 00 00 00 00 32 
Buzz Buzz                     00   72 A5 AA AA 50 72 A5 AA AA 00 00 00 00 00 00 00 00 00 00 00 00 00 00 00 00   01 00 00 00 00 00 07 D0 07 E7 03 00 00 00 00 00 00 00 00 58 78 EF 00 FF 7E C7 00 00 14 00 28 00 5C 00 64 01 50 03 03 03 03 02 00 03 2E 00 2E 00 E2 00 04 00 00 00 24 24 00 00 00 00 00 00 00 00 00 00 00 32 
Heavily Armed Pokey           00   78 95 91 A6 99 9C A9 50 71 A2 9D 95 94 50 80 9F 9B 95 A9 00 00 00 00 00 00   01 02 2A 00 2C 00 07 D0 07 E7 03 00 00 00 00 00 00 00 00 58 78 EF 00 FF 7E C7 00 04 50 69 91 00 FF 00 3C 05 FF 02 02 03 01 03 01 03 11 01 11 01 E2 00 6E 00 13 01 00 00 00 00 00 00 01 00 00 00 00 00 00 00 
Heavily Armed Pokey           00   78 95 91 A6 99 9C A9 50 71 A2 9D 95 94 50 80 9F 9B 95 A9 00 00 00 00 00 00   01 02 2A 00 2C 00 07 D2 06 E7 03 00 00 00 00 00 00 00 00 58 78 EF 00 FF 7E C7 00 04 48 48 96 00 12 01 33 2D 37 02 02 02 03 01 00 00 11 01 14 01 E2 00 6E 00 00 00 00 00 00 00 00 00 00 00 00 00 00 00 00 5F 
Giygas                        00   77 99 A9 97 91 A3 00 00 00 00 00 00 00 00 00 00 00 00 00 00 00 00 00 00 00   01 02 6C 00 00 00 07 0F 27 E7 03 00 00 00 00 00 00 00 00 58 78 EF 00 71 6D EF 00 14 50 69 FF 00 FF 00 50 05 FF 02 02 03 03 03 00 01 0A 00 0B 00 0A 00 0B 00 00 00 01 02 01 02 00 03 01 00 00 00 01 01 00 00 
Giygas                        00   77 99 A9 97 91 A3 00 00 00 00 00 00 00 00 00 00 00 00 00 00 00 00 00 00 00   01 00 00 00 00 00 07 0F 27 00 00 00 00 00 00 00 00 00 00 58 78 EF 00 71 6D EF 00 00 50 48 FF 00 FF 00 50 05 FF 02 02 03 03 03 00 02 00 00 00 00 00 00 15 01 00 00 00 00 00 00 00 03 01 00 00 00 01 01 00 00 
Giygas                        00   77 99 A9 97 91 A3 00 00 00 00 00 00 00 00 00 00 00 00 00 00 00 00 00 00 00   01 00 00 00 00 00 07 D0 07 00 00 00 00 00 00 00 00 00 00 58 78 EF 00 71 6D EF 00 00 50 48 FF 00 FF 00 50 05 FF 02 02 03 03 03 00 00 12 01 2C 01 2D 01 38 01 16 01 00 00 00 00 00 03 01 00 00 00 01 01 00 00 
Giygas                        00   77 99 A9 97 91 A3 00 00 00 00 00 00 00 00 00 00 00 00 00 00 00 00 00 00 00   01 00 00 00 00 00 07 0F 27 00 00 00 00 00 00 00 00 00 00 58 78 EF 00 71 6D EF 00 00 50 49 FF 00 FF 00 50 05 FF 02 02 03 03 03 00 00 2E 01 2F 01 30 01 34 01 00 00 00 00 00 00 00 03 01 00 00 00 01 01 00 00 
Farm Zombie                   01   76 91 A2 9D 50 8A 9F 9D 92 99 95 00 00 00 00 00 00 00 00 00 00 00 00 00 00   03 00 48 00 34 01 07 AB 00 00 00 BC 02 00 00 3A 00 15 00 B8 78 EF 00 31 6E EF 00 0A 13 65 1F 00 18 00 0A 0F 18 00 03 00 01 01 01 01 04 00 78 00 4A 00 54 00 00 00 00 00 00 00 00 02 00 03 E0 00 00 01 02 00 
Criminal Caterpillar          01   73 A2 99 9D 99 9E 91 9C 50 73 91 A4 95 A2 A0 99 9C 9C 91 A2 00 00 00 00 00   03 01 6D 00 A1 01 07 FA 00 A8 00 B0 76 00 00 00 00 1B 00 B8 78 EF 00 96 6D EF 00 01 17 65 25 00 10 00 86 00 00 00 00 00 00 00 00 00 0E 00 0E 00 0E 00 0E 00 00 00 05 05 05 05 00 01 00 00 00 00 00 00 00 0A 
Evil Eye                      01   75 A6 99 9C 50 75 A9 95 00 00 00 00 00 00 00 00 00 00 00 00 00 00 00 00 00   03 00 6E 00 32 01 07 D0 02 90 01 28 B5 00 00 80 03 17 00 B8 78 EF 00 96 6D EF 00 02 3F 60 8D 00 A2 00 26 19 10 03 00 03 02 01 00 01 3B 00 44 00 39 00 04 00 00 00 32 00 30 00 00 01 00 03 BA 00 00 00 00 14 
Magic Butterfly               01   7D 91 97 99 93 50 72 A5 A4 A4 95 A2 96 9C A9 00 00 00 00 00 00 00 00 00 00   02 01 00 00 9D 01 06 10 00 00 00 01 00 00 00 00 00 20 00 58 78 EF 00 FF 7E C7 00 00 00 00 02 00 02 00 19 00 00 00 00 00 00 00 00 00 00 00 00 00 00 00 00 00 00 00 00 00 00 00 00 00 00 00 00 00 00 00 00 00 
Mini Barf                     01   7D 99 9E 99 50 72 91 A2 96 00 00 00 00 00 00 00 00 00 00 00 00 00 00 00 00   03 00 5B 00 3B 01 07 68 02 00 00 61 1D 00 00 CC 01 14 00 58 78 EF 00 71 6D EF 00 13 1A 63 2D 00 47 00 0A 13 1E 00 03 01 03 02 00 01 57 00 04 00 E8 00 50 00 00 00 00 00 00 00 00 03 01 00 00 00 00 00 00 32 
Master Criminal Worm          01   7D 91 A3 A4 95 A2 50 73 A2 99 9D 99 9E 91 9C 50 87 9F A2 9D 00 00 00 00 00   03 01 6D 00 CD 01 07 79 01 2C 01 8A 42 01 00 00 00 1B 00 B8 78 EF 00 96 6D EF 00 10 25 65 49 00 28 00 88 00 00 00 00 00 00 00 00 00 0F 00 0E 00 0E 00 0E 00 00 00 06 05 05 05 00 01 00 00 00 00 00 00 00 0A 
Captain Strong                00   73 91 A0 A4 91 99 9E 50 83 A4 A2 9F 9E 97 00 00 00 00 00 00 00 00 00 00 00   01 00 45 00 83 01 07 8C 00 00 00 EC 01 00 00 9F 00 15 00 58 78 EF 00 71 6D EF 00 08 0D 66 14 00 18 00 0F 08 12 01 01 01 01 01 02 00 6B 00 D8 00 67 00 60 00 00 00 00 00 00 00 00 03 01 02 5B 00 00 00 03 00 
Giygas                        00   77 99 A9 97 91 A3 00 00 00 00 00 00 00 00 00 00 00 00 00 00 00 00 00 00 00   01 00 00 00 00 00 07 0F 27 00 00 00 00 00 00 00 00 00 00 58 78 EF 00 71 6D EF 00 00 50 49 FF 00 7F 00 50 05 FF 02 02 03 03 03 01 00 31 01 32 01 33 01 35 01 00 00 00 00 00 00 00 03 01 00 00 00 01 01 00 00 
Clumsy Robot                  00   73 9C A5 9D A3 A9 50 82 9F 92 9F A4 00 00 00 00 00 00 00 00 00 00 00 00 00   03 02 47 00 13 01 07 C2 03 00 00 7A 7E 00 00 21 08 1B 00 66 78 EF 00 83 6D EF 00 04 2E 94 58 00 89 00 53 1E 31 02 02 02 01 02 05 03 81 00 80 00 3D 01 F5 00 F3 00 00 00 00 92 00 03 01 00 00 00 01 01 00 00 
