Name                          00 01 02 03 04 05 06 07 08 09 0A 0B 0C 0D 0E 0F 10 11 12 13 14 15 16 17 18 19 1A 1B 1C 1D 1E 1F 20 21 22 23 24 25 26 27 28 29 2A 2B 2C 2D 2E 2F 30 31 32 33 34 35 36 37 38 39 3A 3B 3C 3D 3E 3F 
-----------------------------------------------------------------------------------------------------------------------------------------------------------------------------------------------------------------------------
null                          00 00 00 00 07 00 00 00 00 00 00 00 00 00 00 00 00 00 00 00 53 1D 06 08 DA FC 05 08 00 00 00 00 00 00 00 00 00 00 00 00 00 00 00 00 00 00 00 00 00 00 00 00 00 00 00 00 00 00 00 00 00 00 00 00 
Insane Cultist                00 00 42 00 07 00 5E 00 00 00 00 00 61 01 00 00 21 00 09 01 8D 1D 06 08 84 07 06 08 03 0D 66 13 19 00 08 14 40 55 05 00 D7 00 3E 00 D7 00 D7 00 00 00 00 00 01 00 00 00 00 00 00 00 07 78 70 32 
Dept. Store Spook             00 00 EE 00 07 00 62 02 22 01 00 00 E3 5E 00 00 70 06 14 01 53 1D 06 08 DE 06 06 08 16 2A 66 52 87 00 13 18 3E 95 81 01 12 00 0E 00 20 00 F5 00 00 00 09 00 05 00 17 00 AB 00 00 00 07 00 08 00 
Armored Frog                  00 00 D7 00 07 00 CA 00 00 00 00 00 1E 06 00 00 4D 00 09 01 53 1D 06 08 06 07 06 08 09 16 62 25 6C 00 07 05 08 50 05 00 04 00 04 00 04 00 5F 00 00 00 00 00 00 00 00 00 00 00 00 00 22 E7 10 32 
Bad Buffalo                   00 00 42 01 07 00 55 01 00 00 00 00 0C 10 00 00 AC 00 13 01 53 1D 06 08 06 07 06 08 07 22 66 40 68 00 0B 05 05 14 8A 00 DB 00 6E 00 DB 00 EB 00 00 00 00 00 00 00 00 00 00 00 00 00 12 D8 00 00 
Black Antoid                  01 00 01 01 07 00 22 00 19 00 00 00 25 00 00 00 07 00 08 01 53 1D 06 08 06 07 06 08 08 07 60 0E 0D 00 04 03 00 10 84 00 04 00 3E 00 04 00 20 00 00 00 00 00 05 00 00 00 17 00 00 00 29 54 70 32 
Red Antoid                    01 00 01 01 07 00 70 00 1E 00 00 00 97 04 00 00 23 00 08 01 53 1D 06 08 06 07 06 08 10 14 60 1D 1B 00 0A 04 00 10 84 00 04 00 3E 00 6F 00 32 00 00 00 00 00 06 00 00 00 29 00 00 00 22 81 60 32 
Ramblin' Evil Mushroom        00 00 D8 00 07 00 3C 00 00 00 00 00 5F 00 00 00 0F 00 12 01 7A 1D 06 08 F0 06 06 08 09 07 62 0F 0A 00 05 05 01 50 0B 00 04 00 04 00 04 00 4B 00 00 00 00 00 00 00 00 00 00 00 00 00 19 80 10 32 
Struttin' Evil Mushroom       00 00 D8 00 07 00 9D 00 00 00 00 00 D4 05 00 00 5F 00 12 01 7A 1D 06 08 F0 06 06 08 0D 11 62 1D 16 00 1C 07 01 50 8B 01 4B 00 04 00 04 00 ED 00 00 00 00 00 00 00 00 00 00 00 00 00 1A 9C 00 32 
Mobile Sprout                 00 00 DA 00 06 00 4F 00 09 00 00 00 85 00 00 00 0D 00 12 01 64 1D 06 08 F0 06 06 08 06 0A 60 11 0C 00 06 05 01 10 87 00 04 00 36 00 3F 00 20 00 00 00 00 00 2D 00 09 00 17 00 00 00 11 5F 60 32 
Tough Mobile Sprout           00 00 DA 00 07 00 B3 00 0D 00 00 00 49 07 00 00 77 00 12 01 64 1D 06 08 F0 06 06 08 02 15 60 21 1B 00 12 06 01 10 07 00 04 00 3F 00 36 00 20 00 00 00 00 00 0A 00 2D 00 17 00 00 00 1A 7F 60 32 
Enraged Fire Plug             00 00 E1 00 07 00 35 01 00 00 00 00 E1 10 00 00 5A 01 B3 01 64 1D 06 08 F0 06 06 08 03 20 60 3C 51 00 0E 05 04 73 87 00 76 00 04 00 76 00 76 00 00 00 00 00 00 00 00 00 00 00 00 00 02 8B 10 32 
Mystical Record               00 00 0C 01 07 00 07 01 23 00 00 00 B0 0A 00 00 36 01 30 02 53 1D 06 08 F0 06 06 08 02 21 62 3F 4E 00 14 0C 07 74 87 01 E2 00 04 00 20 00 E2 00 00 00 00 00 00 00 17 00 00 00 00 00 09 69 00 32 
Atomic Power Robot            02 00 EE 00 07 00 52 02 00 00 00 00 39 69 00 00 DA 02 14 01 64 1D 06 08 42 07 06 08 02 38 68 77 85 00 19 08 0C E3 86 00 63 00 DE 00 63 00 63 00 40 00 00 00 00 00 00 00 00 00 00 00 1B A5 10 32 
Nuclear Reactor Robot         02 00 EE 00 07 00 1E 03 00 00 00 00 96 CF 00 00 34 03 14 01 64 1D 06 08 42 07 06 08 18 40 68 8E B9 00 2E 08 0C E7 86 00 63 00 DE 00 63 00 63 00 40 00 00 00 00 00 00 00 00 00 00 00 23 A5 00 32 
Guardian Hieroglyph           00 00 E6 00 07 00 D6 01 7E 00 00 00 08 33 00 00 D6 01 09 01 53 1D 06 08 DE 06 06 08 04 30 60 5E 6A 00 14 14 26 58 84 01 D5 00 16 00 1A 00 17 00 00 00 00 00 0D 00 11 00 0E 00 00 00 1A C3 10 32 
Lethal Asp Hieroglyph         00 00 DF 00 07 00 CA 01 00 00 00 00 39 2C 00 00 71 02 08 01 53 1D 06 08 DE 06 06 08 04 2E 62 59 5E 00 15 05 24 12 84 00 EE 00 6F 00 6F 00 F2 00 00 00 00 00 00 00 00 00 00 00 00 00 12 C3 00 32 
Electro Swoosh                00 00 E4 00 07 00 1F 02 52 01 00 00 B3 42 00 00 17 03 B3 01 7A 1D 06 08 DE 06 06 08 01 3E 61 8C 9C 00 28 05 0A 46 05 01 84 00 CA 00 CA 00 E2 00 00 00 00 00 00 00 00 00 00 00 00 00 12 8B 90 32 
Conducting Menace             00 00 F7 00 07 00 BD 01 EE 00 00 00 C8 39 00 00 3E 02 14 01 64 1D 06 08 DE 06 06 08 1A 34 61 6B 6B 00 14 05 08 75 06 00 1A 00 1B 00 16 00 17 00 00 00 11 00 12 00 0D 00 0E 00 00 00 12 76 00 32 
Conducting Spirit             00 00 F7 00 07 00 4B 02 49 01 00 00 B6 76 00 00 24 03 14 01 64 1D 06 08 DE 06 06 08 01 3B 61 82 8B 00 1A 05 08 75 06 00 1A 00 1B 00 17 00 18 00 00 00 11 00 12 00 0E 00 0F 00 00 00 03 75 10 32 
Evil Elemental                00 00 E1 00 07 00 34 02 00 00 00 00 99 8B 00 00 55 03 B3 01 7A 1D 06 08 2F 07 06 08 0B 39 68 79 88 00 1E 07 10 CC 84 00 04 00 55 00 4C 00 04 00 00 00 00 00 00 00 00 00 00 00 00 00 0A 71 00 00 
|'s Nightmare                 00 00 22 01 07 00 76 06 72 03 00 00 AC 5B 01 00 5A 11 00 00 53 1D 06 08 F0 06 06 08 05 47 94 AC FD 00 1F 01 50 E9 01 00 F5 00 0A 00 C9 00 29 00 00 00 AC 00 01 00 00 00 21 00 00 00 07 00 19 00 
Annoying Old Party Man        00 00 EC 03 07 00 63 00 00 00 00 00 82 00 00 00 20 00 09 01 8D 1D 06 08 84 07 06 08 08 0D 65 14 19 00 06 32 0F 55 19 00 04 00 E5 00 80 00 81 00 00 00 00 00 00 00 00 00 00 00 00 00 0B 65 10 32 
Annoying Reveler              00 00 EC 03 07 00 20 01 00 00 00 00 45 09 00 00 0C 01 09 01 8D 1D 06 08 84 07 06 08 10 1F 66 3A 4D 00 11 32 0F 55 19 00 E5 00 E6 00 04 00 80 00 00 00 00 00 00 00 00 00 00 00 00 00 1B 65 00 32 
Unassuming Local Guy          00 00 ED 03 07 00 49 00 00 00 00 00 92 00 00 00 13 00 09 01 8D 1D 06 08 84 07 06 08 01 09 60 12 0D 00 05 01 0E 55 05 00 04 00 04 00 04 00 D2 00 00 00 00 00 00 00 00 00 00 00 00 00 23 BE 10 32 
New Age Retro Hippie          00 00 F4 03 07 00 57 00 00 00 00 00 A0 00 00 00 17 00 09 01 8D 1D 06 08 84 07 06 08 01 0B 64 13 0E 00 05 0A 10 55 85 00 04 00 60 00 AE 00 BA 00 00 00 00 00 00 00 BE 00 D4 00 00 00 1B D4 00 32 
Mr. Carpainter                00 00 32 00 07 00 06 01 46 00 00 00 84 05 00 00 C3 00 09 01 53 1D 06 08 84 07 06 08 01 15 94 21 2D 00 08 0D 48 55 05 01 5C 00 20 00 D7 00 F5 00 00 00 00 00 17 00 00 00 AD 00 00 00 07 00 08 00 
Carbon Dog                    00 00 48 01 07 00 88 06 00 00 00 00 00 00 00 00 00 00 14 01 53 1D 06 08 06 07 06 08 01 46 67 9F AE 00 1F 34 35 9B 82 00 68 00 F5 00 85 00 EE 00 22 01 00 00 AE 00 00 00 00 00 53 00 07 00 18 00 
Mighty Bear                   00 00 44 01 07 00 A7 00 00 00 00 00 61 02 00 00 31 00 13 01 53 1D 06 08 06 07 06 08 07 10 60 1D 1F 00 07 01 05 95 0D 00 70 00 6F 00 04 00 04 00 00 00 00 00 00 00 00 00 00 00 00 00 0A B9 10 32 
Mighty Bear Seven             00 00 44 01 07 00 6F 01 00 00 00 00 B4 22 00 00 B8 01 13 01 53 1D 06 08 06 07 06 08 15 2A 60 55 4C 00 0B 01 04 95 0D 00 70 00 6F 00 04 00 04 00 00 00 00 00 00 00 00 00 00 00 00 00 02 B1 40 32 
Putrid Moldyman               00 00 F2 00 07 00 CB 00 00 00 00 00 3E 03 00 00 35 00 12 01 53 1D 06 08 DE 06 06 08 09 15 62 24 29 00 09 05 11 93 04 00 4E 00 04 00 04 00 04 00 00 00 00 00 00 00 00 00 00 00 00 00 12 5F 10 32 
Thunder Mite                  00 00 F7 00 07 00 25 01 C8 00 00 00 2E 2A 00 00 AE 01 14 01 64 1D 06 08 1C 07 06 08 01 2B 61 55 53 00 14 0D 08 70 05 00 16 00 16 00 17 00 17 00 00 00 0D 00 0D 00 0E 00 0E 00 00 00 12 76 00 32 
Cranky Lady                   00 00 EB 03 07 00 5F 00 00 00 00 00 C8 00 00 00 11 00 09 01 8D 1D 06 08 84 07 06 08 03 08 60 10 12 00 06 03 20 55 85 00 04 00 73 00 E7 00 82 00 00 00 00 00 00 00 00 00 00 00 00 00 0B C0 10 32 
Extra Cranky Lady             00 00 EB 03 07 00 15 01 00 00 00 00 43 0E 00 00 86 00 09 01 8D 1D 06 08 84 07 06 08 07 1B 60 30 46 00 11 05 20 55 05 00 E7 00 66 00 73 00 53 00 00 00 00 00 00 00 00 00 00 00 00 00 23 C0 00 32 
Giygas                        00 00 EE 00 07 00 10 0E 00 00 00 00 00 00 00 00 00 00 14 01 53 1D 06 08 DE 06 06 08 00 49 48 CB 2C 01 34 01 50 EA 02 00 04 00 04 00 04 00 04 00 00 00 00 00 00 00 00 00 00 00 00 00 07 00 18 00 
Wetnosaur                     00 00 40 01 07 00 06 04 00 00 00 00 4A 81 00 00 E9 02 13 01 53 1D 06 08 06 07 06 08 09 3B 68 7E AC 00 11 02 10 94 8D 00 E0 00 71 00 6F 00 D3 00 00 00 00 00 00 00 00 00 00 00 00 00 0A 71 00 00 
Chomposaur                    00 00 3F 01 07 00 08 05 40 01 00 00 5A AD 00 00 80 03 13 01 53 1D 06 08 06 07 06 08 03 3E 66 8B B7 00 11 03 10 97 09 00 0E 00 0F 00 71 00 F5 00 00 00 05 00 06 00 00 00 AF 00 00 00 03 15 14 00 
Titanic Ant                   01 00 48 01 07 00 EB 00 66 00 00 00 AD 02 00 00 96 00 14 01 53 1D 06 08 06 07 06 08 04 0D 67 13 17 00 06 09 48 6A 81 00 F5 00 EE 00 32 00 36 00 00 00 B0 00 00 00 29 00 2D 00 00 00 07 00 08 00 
Gigantic Ant                  01 00 E2 00 07 00 34 01 51 00 00 00 8C 0F 00 00 30 01 08 01 53 1D 06 08 06 07 06 08 01 1E 66 36 70 00 11 05 06 50 05 00 36 00 48 00 EE 00 F5 00 00 00 2D 00 00 00 00 00 B1 00 00 00 13 66 50 32 
Shrooom!                      00 00 48 01 07 00 A4 06 70 00 00 00 43 78 01 00 F6 0F 14 01 53 1D 06 08 06 07 06 08 09 30 67 5F 9A 00 12 20 48 D8 01 01 4B 00 20 00 ED 00 F5 00 00 00 00 00 17 00 00 00 B2 00 00 00 07 00 18 00 
Plague Rat of Doom            00 00 48 01 07 00 23 07 3C 00 00 00 48 C2 01 00 70 11 14 01 53 1D 06 08 06 07 06 08 04 2F 67 47 B4 00 13 FA 2D 99 82 00 64 00 F5 00 6F 00 04 00 00 00 00 00 B3 00 00 00 00 00 00 00 07 00 18 00 
Mondo Mole                    00 00 48 01 07 00 F2 01 A1 00 00 00 9F 16 00 00 90 01 14 01 53 1D 06 08 06 07 06 08 05 17 67 25 32 00 09 0F 24 0E 02 00 20 00 6E 00 04 00 F5 00 00 00 17 00 00 00 00 00 B4 00 00 00 07 00 18 00 
Guardian Digger               00 00 48 01 07 00 82 01 6E 00 00 00 95 43 00 00 BB 05 14 01 53 1D 06 08 06 07 06 08 15 20 67 3B 81 00 11 15 37 85 82 00 70 00 F5 00 04 00 29 00 00 00 00 00 B5 00 00 00 21 00 00 00 07 00 0C 00 
Scalding Coffee Cup           00 00 0C 01 07 00 BE 00 00 00 00 00 9E 09 00 00 18 01 30 02 53 1D 06 08 F0 06 06 08 02 1E 62 37 14 00 17 05 01 62 06 00 59 00 59 00 59 00 59 00 00 00 00 00 00 00 00 00 00 00 00 00 31 55 00 32 
Loaded Dice                   00 00 0C 01 07 00 33 01 00 00 00 00 B0 29 00 00 BF 02 30 02 53 1D 06 08 06 07 06 08 03 3B 60 92 71 00 4D 4B 06 20 07 00 3E 00 3E 00 3E 00 3E 00 00 00 73 00 85 00 97 00 73 00 00 00 11 78 70 32 
Slimy Little Pile             00 00 E5 00 07 00 E0 00 00 00 00 00 BA 07 00 00 7C 00 08 01 7A 1D 06 08 DE 06 06 08 06 18 8D 2A 3D 00 0F 07 26 15 85 00 57 00 3E 00 50 00 04 00 00 00 00 00 2D 00 00 00 00 00 00 00 16 CE 80 32 
Even Slimier Little Pile      00 00 E5 00 07 00 46 01 00 00 00 00 E3 3A 00 00 43 02 08 01 7A 1D 06 08 DE 06 06 08 0E 31 8D 67 65 00 16 09 27 15 85 00 04 00 3E 00 50 00 57 00 00 00 00 00 2E 00 00 00 00 00 00 00 13 CD 70 32 
Arachnid!                     01 00 00 01 07 00 D8 00 00 00 00 00 45 13 00 00 28 01 08 01 53 1D 06 08 06 07 06 08 05 20 66 3D 1E 00 17 03 00 10 07 00 04 00 04 00 52 00 48 00 00 00 00 00 00 00 00 00 00 00 00 00 21 84 00 32 
Arachnid!!!                   01 00 00 01 07 00 58 01 00 00 00 00 D1 28 00 00 9C 01 08 01 53 1D 06 08 06 07 06 08 1F 2D 66 57 56 00 14 04 00 10 87 00 48 00 04 00 04 00 52 00 00 00 00 00 00 00 00 00 00 00 00 00 12 6B 10 32 
Kraken                        00 00 4F 01 07 00 49 04 B0 00 00 00 A3 35 01 00 E9 0B 13 01 53 1D 06 08 DE 06 06 08 01 36 68 69 A6 00 15 01 20 5A 02 00 5E 00 F8 00 5C 00 F5 00 00 00 00 00 00 00 00 00 B6 00 00 00 07 00 00 32 
Bionic Kraken                 00 00 EE 00 07 00 84 03 3C 00 00 00 84 C4 00 00 C0 03 14 01 64 1D 06 08 DE 06 06 08 18 46 68 9B C3 00 2A 01 20 56 06 00 75 00 5C 00 5E 00 F8 00 00 00 00 00 00 00 00 00 00 00 00 00 03 0D 10 32 
Spinning Robo                 02 00 EE 00 06 00 71 00 11 00 00 00 29 01 00 00 15 00 14 01 64 1D 06 08 5A 07 06 08 02 0E 61 15 16 00 07 05 0C 53 0D 00 DE 00 DE 00 F1 00 28 00 00 00 00 00 00 00 00 00 1F 00 00 00 0A D3 00 32 
Whirling Robo                 02 00 EE 00 07 00 76 01 24 00 00 00 96 16 00 00 00 01 14 01 64 1D 06 08 5A 07 06 08 1C 27 61 4E 5A 00 12 05 0C 53 8D 00 DE 00 F1 00 F7 00 28 00 00 00 00 00 00 00 AF 00 1F 00 00 00 02 D2 10 32 
Hyper Spinning Robo           02 00 EE 00 07 00 29 02 53 00 00 00 C2 70 00 00 F4 02 14 01 64 1D 06 08 5A 07 06 08 18 38 61 7A 82 00 1C 05 0C 53 8D 00 DE 00 DE 00 55 00 29 00 00 00 00 00 00 00 00 00 21 00 00 00 02 D2 80 32 
Cop                           00 00 EA 03 07 00 4B 00 00 00 00 00 56 00 00 00 12 00 09 01 53 1D 06 08 84 07 06 08 02 07 65 0F 12 00 05 07 10 55 05 00 6A 00 6A 00 04 00 04 00 00 00 00 00 00 00 00 00 00 00 00 00 27 5E 70 32 
Coil Snake                    00 00 E8 00 07 00 12 00 00 00 00 00 01 00 00 00 04 00 08 01 53 1D 06 08 06 07 06 08 01 01 60 03 04 00 02 00 06 11 84 00 EE 00 EE 00 EE 00 F2 00 00 00 00 00 00 00 00 00 00 00 00 00 12 54 00 32 
Thirsty Coil Snake            00 00 E8 00 07 00 0E 01 00 00 00 00 E2 0A 00 00 14 01 08 01 53 1D 06 08 06 07 06 08 19 1C 60 34 50 00 12 05 07 11 85 00 64 00 EE 00 EE 00 F2 00 00 00 00 00 00 00 00 00 00 00 00 00 1A C2 10 32 
Mr. Batty                     00 00 DB 00 07 00 56 00 00 00 00 00 30 01 00 00 1E 00 06 01 53 1D 06 08 06 07 06 08 01 0F 60 19 05 00 1D 04 03 15 87 00 04 00 56 00 D2 00 56 00 00 00 00 00 00 00 00 00 00 00 00 00 09 84 00 00 
Elder Batty                   00 00 DB 00 07 00 26 01 00 00 00 00 51 10 00 00 73 01 06 01 53 1D 06 08 06 07 06 08 1A 23 60 42 48 00 21 08 04 15 87 00 04 00 56 00 D2 00 6F 00 00 00 00 00 00 00 00 00 00 00 00 00 12 66 70 00 
Violent Roach                 01 00 00 01 07 00 D1 00 00 00 00 00 DD 06 00 00 50 00 08 01 53 1D 06 08 06 07 06 08 05 12 62 1E 1A 00 23 09 18 10 07 00 04 00 EB 00 E8 00 D1 00 00 00 00 00 00 00 00 00 00 00 00 00 02 DB 40 00 
Filthy Attack Roach           01 00 00 01 07 00 8F 01 00 00 00 00 2F 29 00 00 B0 01 08 01 53 1D 06 08 06 07 06 08 1D 2A 62 54 21 00 4D 09 18 10 07 00 04 00 EB 00 66 00 D1 00 00 00 00 00 00 00 00 00 00 00 00 00 1B DB 10 00 
Crazed Sign                   02 00 FD 00 07 00 27 01 62 00 00 00 22 0E 00 00 F4 00 2E 02 64 1D 06 08 F0 06 06 08 01 22 62 40 60 00 11 05 0B 76 04 00 04 00 04 00 38 00 34 00 00 00 00 00 00 00 2F 00 2B 00 00 00 09 CC 00 32 
Wooly Shambler                02 00 EE 00 07 00 87 01 8C 00 00 00 15 15 00 00 CA 01 14 01 7A 1D 06 08 1C 07 06 08 1B 28 61 51 5B 00 12 05 3F 56 89 00 DE 00 DE 00 2C 00 1A 00 00 00 00 00 00 00 23 00 11 00 00 00 0A CD 10 32 
Wild 'n Wooly Shambler        02 00 EE 00 07 00 D2 02 D4 00 00 00 1A 84 00 00 8A 03 14 01 7A 1D 06 08 1C 07 06 08 09 41 61 90 AB 00 26 05 3F 56 09 00 DE 00 DE 00 2D 00 1B 00 00 00 00 00 00 00 25 00 12 00 00 00 1A CD 00 32 
Skate Punk                    00 00 45 00 07 00 1F 00 00 00 00 00 0C 00 00 00 11 00 09 01 53 1D 06 08 84 07 06 08 07 03 62 07 08 00 05 00 0D 55 89 00 E3 00 04 00 3E 00 3E 00 00 00 00 00 00 00 81 00 86 00 00 00 03 69 50 00 
Skelpion                      01 00 DD 00 07 00 89 00 15 00 00 00 1F 07 00 00 8C 00 08 01 53 1D 06 08 06 07 06 08 0E 18 66 29 17 00 25 50 07 50 84 00 04 00 48 00 79 00 16 00 00 00 00 00 00 00 00 00 0D 00 00 00 11 D9 00 00 
Dread Skelpion                01 00 DD 00 07 00 D6 00 7D 00 00 00 B4 26 00 00 61 02 08 01 53 1D 06 08 06 07 06 08 0B 29 66 52 39 00 28 58 08 50 84 00 48 00 04 00 16 00 17 00 00 00 00 00 00 00 0D 00 0E 00 00 00 22 80 10 32 
Starman                       00 00 EB 00 07 00 21 02 9B 00 00 00 64 5B 00 00 D0 02 FB 02 64 1D 06 08 DE 06 06 08 02 37 61 67 7E 00 18 19 10 A5 05 00 DE 00 67 00 36 00 F5 00 00 00 00 00 00 00 2D 00 B8 00 00 00 03 75 40 32 
Starman Super                 00 00 EB 00 07 00 38 02 36 01 00 00 C1 75 00 00 DF 02 FB 02 64 1D 06 08 DE 06 06 08 1A 38 61 70 81 00 18 19 10 A5 05 00 DE 00 3E 00 67 00 F5 00 00 00 00 00 43 00 00 00 B9 00 00 00 03 17 52 32 
Ghost of Starman              00 00 EE 00 07 00 EE 02 CE 01 00 00 37 BE 00 00 27 03 14 01 64 1D 06 08 DE 06 06 08 0C 44 61 98 AA 00 2E 2B 10 6A 05 01 1E 00 77 00 7A 00 F5 00 00 00 15 00 00 00 00 00 BA 00 00 00 03 49 40 32 
Smilin' Sphere                02 00 F1 00 07 00 E9 00 3C 00 00 00 AA 08 00 00 BF 00 14 01 7A 1D 06 08 6D 07 06 08 09 1B 68 32 41 00 11 05 0D 7C 84 00 04 00 0E 00 04 00 CF 00 40 00 00 00 05 00 00 00 00 00 00 00 02 D3 50 32 
Uncontrollable Sphere         02 00 F1 00 07 00 41 02 B4 00 00 00 A5 4F 00 00 1C 03 14 01 7A 1D 06 08 6D 07 06 08 11 38 68 74 86 00 1B 05 0F 7C 84 00 04 00 0E 00 0F 00 CF 00 40 00 00 00 05 00 06 00 00 00 00 00 03 F0 01 32 
Petrified Royal Guard         00 00 0F 01 07 00 3D 02 00 00 00 00 DB 4A 00 00 74 02 2E 02 53 1D 06 08 F0 06 06 08 05 35 66 6A AD 00 0C 05 05 19 89 00 D8 00 D8 00 E2 00 EA 00 00 00 00 00 00 00 00 00 00 00 00 00 12 8B 10 00 
Guardian General              00 00 0F 01 07 00 3F 03 06 00 00 00 9E 74 01 00 A3 0C 2E 02 53 1D 06 08 F0 06 06 08 13 37 67 6D D6 00 15 01 07 99 01 00 D8 00 5F 00 04 00 F5 00 00 00 00 00 00 00 00 00 D0 00 00 00 07 00 08 00 
Starman Deluxe                00 00 EE 00 07 00 78 05 A2 01 00 00 0C 73 02 00 F3 0E 14 01 64 1D 06 08 DE 06 06 08 02 41 61 8F BA 00 1B 2B 15 B9 02 00 F5 00 DE 00 1E 00 3E 00 00 00 BB 00 00 00 15 00 44 00 00 00 07 00 5A 00 
Final Starman                 00 00 EE 00 07 00 48 03 5C 03 00 00 E9 F1 00 00 93 03 14 01 64 1D 06 08 DE 06 06 08 10 47 61 B2 BB 00 2F 19 18 AA 85 01 29 00 3B 00 1E 00 F5 00 00 00 21 00 32 00 15 00 BC 00 00 00 13 78 02 32 
Urban Zombie                  00 00 F3 00 07 00 AB 00 00 00 00 00 BC 02 00 00 3A 00 09 01 53 1D 06 08 9A 07 06 08 04 13 60 1F 18 00 0A 0F 18 4C 85 00 04 00 78 00 4A 00 54 00 00 00 00 00 00 00 00 00 00 00 00 00 12 5E 50 32 
Zombie Possessor              00 00 EC 00 07 00 B0 00 00 00 00 00 B6 03 00 00 51 00 B3 01 53 1D 06 08 2F 07 06 08 02 11 66 1C 13 00 1E 09 06 43 0D 00 04 00 CC 00 3E 00 4C 00 00 00 00 00 00 00 4D 00 00 00 00 00 0A DB 40 00 
Zombie Dog                    00 00 F0 00 07 00 D2 00 00 00 00 00 4A 05 00 00 36 00 07 01 53 1D 06 08 9A 07 06 08 04 16 60 27 33 00 1E 0A 0B 40 84 00 EE 00 85 00 EE 00 64 00 00 00 00 00 00 00 00 00 00 00 00 00 12 CB 10 32 
Crooked Cop                   00 00 F3 03 07 00 8C 00 00 00 00 00 EC 01 00 00 9F 00 09 01 53 1D 06 08 DE 06 06 08 08 0D 66 14 18 00 0F 08 12 55 09 00 6B 00 D8 00 67 00 60 00 00 00 00 00 00 00 00 00 00 00 00 00 17 5B 60 00 
Over Zealous Cop              00 00 F3 03 07 00 45 01 00 00 00 00 18 1D 00 00 A4 01 09 01 53 1D 06 08 84 07 06 08 0A 24 66 45 4B 00 12 07 10 55 09 00 6B 00 D8 00 67 00 60 00 00 00 00 00 00 00 00 00 00 00 00 00 13 66 10 00 
Territorial Oak               00 00 41 01 06 00 91 00 29 00 00 00 64 01 00 00 1D 00 13 01 53 1D 06 08 F0 06 06 08 06 0F 60 1A 1E 00 05 09 04 58 09 00 04 00 04 00 3A 00 62 00 41 00 00 00 00 00 31 00 00 00 00 00 02 78 10 32 
Hostile Elder Oak             00 00 41 01 07 00 61 02 4C 00 00 00 9F 44 00 00 B2 02 13 01 53 1D 06 08 F0 06 06 08 0E 3B 66 86 92 00 0E 0B 05 58 09 00 04 00 04 00 3A 00 36 00 41 00 00 00 00 00 31 00 2D 00 00 00 22 B6 70 32 
Diamond Dog                   00 00 48 01 07 00 10 0D 9A 00 00 00 4A 27 05 00 38 1B 14 01 53 1D 06 08 06 07 06 08 04 46 61 A7 E6 00 1F 0A 2F FA 02 00 EE 00 F5 00 29 00 C9 00 00 00 00 00 BE 00 21 00 00 00 00 00 07 00 0C 00 
Marauder Octobot              02 00 EE 00 07 00 E2 01 00 00 00 00 8B 38 00 00 F3 01 14 01 64 1D 06 08 6D 07 06 08 02 31 61 63 79 00 17 08 18 78 86 00 DE 00 DE 00 42 00 F2 00 00 00 00 00 00 00 00 00 00 00 00 00 0A 00 00 32 
Military Octobot              02 00 EE 00 07 00 5C 02 00 00 00 00 07 64 00 00 7D 02 14 01 64 1D 06 08 6D 07 06 08 15 3D 61 8A 93 00 1A 08 12 78 06 00 DE 00 DE 00 42 00 F2 00 00 00 00 00 00 00 00 00 00 00 00 00 02 D2 10 32 
Mechanical Octobot            02 00 EE 00 07 00 00 03 00 00 00 00 0A A3 00 00 E8 02 14 01 64 1D 06 08 6D 07 06 08 0A 42 61 93 B0 00 2B 08 18 78 06 00 DE 00 DE 00 42 00 45 00 00 00 00 00 00 00 00 00 00 00 00 00 02 D2 40 32 
Ultimate Octobot              02 00 EE 00 07 00 18 03 00 00 00 00 04 BB 00 00 2F 03 14 01 64 1D 06 08 6D 07 06 08 03 46 61 A3 B5 00 2C 08 18 78 06 00 DE 00 45 00 42 00 45 00 00 00 00 00 00 00 00 00 00 00 00 00 22 78 50 32 
Mad Duck                      00 00 EA 00 07 00 33 00 00 00 00 00 29 00 00 00 0C 00 09 01 53 1D 06 08 06 07 06 08 01 08 65 0C 18 00 1E 05 01 50 16 00 55 00 7D 00 5F 00 DA 00 00 00 00 00 00 00 00 00 00 00 00 00 18 62 80 32 
Dali's Clock                  00 00 F8 00 07 00 28 01 00 00 00 00 C7 09 00 00 3A 01 B3 01 53 1D 06 08 DE 06 06 08 06 22 62 41 42 00 04 05 04 D5 04 00 43 00 43 00 43 00 86 00 00 00 00 00 00 00 00 00 00 00 00 00 01 78 10 00 
Trillionage Sprout            00 00 48 01 07 00 18 04 F0 00 00 00 5F 76 00 00 4E 05 14 01 53 1D 06 08 06 07 06 08 05 1D 67 36 58 00 10 15 47 D8 82 00 04 00 F5 00 1A 00 38 00 00 00 00 00 BF 00 11 00 2F 00 00 00 07 00 68 00 
Musica                        00 00 0C 01 07 00 24 01 00 00 00 00 A4 0E 00 00 55 01 30 02 53 1D 06 08 F0 06 06 08 09 23 62 45 55 00 15 14 08 65 85 00 CA 00 5A 00 04 00 CA 00 00 00 00 00 00 00 00 00 00 00 00 00 01 8B 00 32 
Desert Wolf                   00 00 E7 00 07 00 F7 00 00 00 00 00 9C 0E 00 00 72 00 07 01 53 1D 06 08 06 07 06 08 07 1E 60 39 43 00 21 02 0B 50 05 00 EE 00 85 00 EE 00 64 00 00 00 00 00 00 00 00 00 00 00 00 00 0A 8B 10 32 
Master Belch                  00 00 45 01 07 00 8A 02 00 00 00 00 DD 30 00 00 98 02 13 01 53 1D 06 08 DE 06 06 08 06 1B 63 32 58 00 10 14 3D 95 00 01 47 00 47 00 3E 00 F5 00 00 00 00 00 00 00 2D 00 C0 00 00 00 07 00 68 00 
Big Pile of Puke              00 00 45 01 07 00 77 02 00 00 00 00 CB 4C 00 00 D8 02 13 01 64 1D 06 08 DE 06 06 08 05 39 63 78 9E 00 10 1A 20 59 86 00 04 00 57 00 50 00 47 00 00 00 00 00 00 00 00 00 00 00 00 00 0B D2 10 32 
Master Barf                   00 00 45 01 07 00 27 05 00 00 00 00 80 E8 01 00 D0 0D 13 01 53 1D 06 08 DE 06 06 08 13 3C 63 88 B1 00 18 27 40 99 01 00 47 00 66 00 57 00 F5 00 F4 00 00 00 00 00 00 00 C2 00 00 00 3F 0E 68 00 
Kiss of Death                 00 00 F7 00 07 00 4D 01 00 00 00 00 72 28 00 00 10 02 14 01 64 1D 06 08 DE 06 06 08 01 2E 60 5B 64 00 13 07 10 65 04 00 04 00 04 00 49 00 04 00 00 00 00 00 00 00 00 00 00 00 00 00 0A 86 10 32 
French Kiss of Death          00 00 E3 00 07 00 4C 02 00 00 00 00 0A 4B 00 00 6F 03 B3 01 7A 1D 06 08 DE 06 06 08 12 46 60 A0 A0 00 1E 07 10 65 04 00 49 00 49 00 49 00 49 00 00 00 00 00 00 00 00 00 00 00 00 00 0A DC 00 32 
Foppy                         00 00 D6 00 07 00 78 00 0A 00 00 00 1F 05 00 00 5D 00 09 01 64 1D 06 08 DE 06 06 08 01 10 62 1D 09 00 01 05 03 10 8B 00 04 00 7E 00 3A 00 36 00 00 00 00 00 00 00 31 00 2D 00 00 00 0A 78 16 32 
Fobby                         00 00 D6 00 07 00 F0 00 13 00 00 00 AC 47 00 00 6C 02 09 01 64 1D 06 08 DE 06 06 08 05 30 62 62 54 00 05 05 03 10 13 00 04 00 A1 00 3A 00 36 00 00 00 00 00 AE 00 31 00 2D 00 00 00 13 78 86 32 
Zap Eel                       00 00 E0 00 07 00 72 01 00 00 00 00 8A 2F 00 00 63 02 08 01 53 1D 06 08 06 07 06 08 04 30 63 61 5D 00 1D 05 08 54 06 00 CA 00 CA 00 CA 00 CA 00 00 00 00 00 00 00 00 00 00 00 00 00 0A 78 90 32 
Tangoo                        00 00 F7 00 07 00 73 01 05 00 00 00 7E 39 00 00 3C 02 14 01 7A 1D 06 08 DE 06 06 08 05 30 62 60 63 00 13 14 10 45 85 00 04 00 D0 00 CD 00 D0 00 00 00 00 00 00 00 00 00 00 00 00 00 23 C9 00 32 
Boogey Tent                   00 00 00 00 07 00 43 02 38 00 00 00 7C 15 00 00 97 01 00 00 53 1D 06 08 DE 06 06 08 05 19 66 2B 45 00 0A 10 20 DC 02 00 04 00 B7 00 51 00 F5 00 00 00 00 00 B3 00 00 00 C5 00 00 00 07 00 18 00 
Squatter Demon                00 00 EE 00 07 00 06 03 3C 00 00 00 B7 BC 00 00 81 03 14 01 7A 1D 06 08 DE 06 06 08 1E 45 66 9E C0 00 2D 19 20 DC 86 00 64 00 E4 00 A0 00 34 00 00 00 00 00 00 00 9F 00 2B 00 00 00 0B DC 00 32 
Crested Booka                 00 00 1F 01 07 00 09 01 00 00 00 00 C3 0B 00 00 82 00 08 01 53 1D 06 08 DE 06 06 08 09 1C 62 35 49 00 11 18 25 97 90 01 82 00 04 00 EA 00 04 00 00 00 00 00 00 00 00 00 00 00 00 00 12 64 10 32 
Great Crested Booka           00 00 1F 01 07 00 C4 01 00 00 00 00 ED 3F 00 00 5C 02 08 01 53 1D 06 08 DE 06 06 08 03 31 62 64 6E 00 14 1C 28 97 90 00 04 00 82 00 EA 00 E2 00 00 00 00 00 00 00 00 00 00 00 00 00 0A 6B 00 32 
Lesser Mook                   00 00 EE 00 07 00 91 01 BE 00 00 00 D8 1D 00 00 D3 01 14 01 7A 1D 06 08 DE 06 06 08 0B 27 61 4C 66 00 11 07 10 9C 84 00 12 00 13 00 34 00 44 00 00 00 09 00 0A 00 2B 00 00 00 00 00 0A 78 10 32 
Mook Senior                   00 00 EE 00 07 00 F5 01 BC 02 00 00 40 52 00 00 CB 02 14 01 7A 1D 06 08 DE 06 06 08 0D 36 61 6C 7A 00 19 07 10 9C 84 00 13 00 0E 00 20 00 44 00 00 00 0A 00 05 00 17 00 00 00 00 00 12 78 40 32 
Smelly Ghost                  00 00 F2 00 07 00 C2 00 32 00 00 00 5E 02 00 00 47 00 12 01 53 1D 06 08 2F 07 06 08 02 15 62 23 59 00 0A 02 09 08 84 00 04 00 82 00 20 00 E8 00 00 00 00 00 00 00 17 00 00 00 00 00 1A E9 10 32 
Stinky Ghost                  00 00 F2 00 07 00 BC 01 00 00 00 00 7B 33 00 00 1D 02 12 01 53 1D 06 08 2F 07 06 08 0D 2E 62 5A B3 00 12 04 07 08 84 00 04 00 82 00 4C 00 E8 00 00 00 00 00 00 00 00 00 00 00 00 00 0A 74 00 00 
Everdred                      00 00 33 00 07 00 B6 00 00 00 00 00 DA 03 00 00 AB 00 09 01 53 1D 06 08 84 07 06 08 01 0F 62 19 23 00 06 0A 28 55 05 00 EB 00 42 00 04 00 F5 00 00 00 00 00 00 00 00 00 C7 00 00 00 07 00 18 00 
Attack Slug                   01 00 01 01 07 00 1E 00 06 00 00 00 1B 00 00 00 06 00 08 01 53 1D 06 08 06 07 06 08 02 05 60 09 02 00 01 00 03 10 87 00 04 00 04 00 79 00 34 00 00 00 00 00 00 00 00 00 2B 00 00 00 01 CE 06 32 
Pit Bull Slug                 01 00 01 01 07 00 D9 00 0B 00 00 00 0A 27 00 00 1F 02 08 01 53 1D 06 08 06 07 06 08 03 27 60 4F 4D 00 02 05 07 10 87 00 04 00 04 00 62 00 34 00 00 00 00 00 00 00 00 00 2B 00 00 00 2A 83 16 32 
Rowdy Mouse                   00 00 FA 00 07 00 24 00 00 00 00 00 22 00 00 00 09 00 08 01 53 1D 06 08 06 07 06 08 01 06 65 07 14 00 05 E1 02 50 8E 00 EE 00 EE 00 EE 00 EE 00 00 00 00 00 00 00 00 00 00 00 00 00 11 59 00 32 
Deadly Mouse                  00 00 FA 00 07 00 A0 01 00 00 00 00 09 24 00 00 96 01 08 01 53 1D 06 08 06 07 06 08 17 26 66 3F 62 00 12 E1 0D 54 0E 00 64 00 EE 00 EE 00 EE 00 00 00 00 00 00 00 00 00 00 00 00 00 0A 9D 50 32 
Care Free Bomb                02 00 E3 00 07 00 F8 01 00 00 00 00 5D 3A 00 00 81 02 B3 01 7A 1D 06 08 42 07 06 08 09 3C 60 87 D7 00 1F 0F 08 56 06 00 A7 00 A7 00 A7 00 A8 00 00 00 CE 00 CE 00 CE 00 A5 00 00 00 12 A5 80 32 
Electro Specter               00 00 48 01 07 00 14 0C 50 00 00 00 05 FE 03 00 A4 19 14 01 53 1D 06 08 06 07 06 08 02 43 68 94 CB 00 1D 2F 38 F5 82 00 CA 00 F5 00 CA 00 B0 00 00 00 00 00 C8 00 00 00 A3 00 00 00 07 00 1A 00 
Handsome Tom                  00 00 F4 00 07 00 85 00 10 00 00 00 08 02 00 00 2D 00 12 01 7A 1D 06 08 F0 06 06 08 03 10 66 1B 19 00 0B 05 08 48 8B 00 04 00 81 00 34 00 3A 00 00 00 00 00 00 00 2B 00 31 00 00 00 1A 85 10 32 
Smilin' Sam                   00 00 F4 00 07 00 A1 00 37 00 00 00 C8 02 00 00 30 00 12 01 7A 1D 06 08 F0 06 06 08 01 14 66 22 2C 00 11 10 10 48 05 00 04 00 81 00 32 00 20 00 00 00 00 00 00 00 29 00 17 00 00 00 12 DA 40 32 
Manly Fish                    00 00 F6 00 07 00 F4 01 00 00 00 00 D2 3D 00 00 70 02 09 01 8D 1D 06 08 DE 06 06 08 01 2A 63 53 72 00 16 09 14 57 86 00 DF 00 DF 00 DF 00 DF 00 00 00 00 00 00 00 00 00 00 00 00 00 12 6B 10 32 
Manly Fish's Brother          00 00 F6 00 07 00 0E 02 D2 00 00 00 62 3E 00 00 AE 02 09 01 8D 1D 06 08 DE 06 06 08 0E 38 67 72 7B 00 18 0B 18 AD 06 00 34 00 38 00 13 00 27 00 00 00 2B 00 2F 00 0A 00 1E 00 00 00 03 DC 40 32 
Runaway Dog                   00 00 E7 00 07 00 15 00 00 00 00 00 04 00 00 00 03 00 07 01 53 1D 06 08 06 07 06 08 09 02 65 04 05 00 1A 00 01 00 84 00 85 00 EE 00 85 00 EE 00 00 00 00 00 00 00 00 00 00 00 00 00 11 59 10 32 
Trick or Trick Kid            00 00 F5 00 07 00 8E 00 00 00 00 00 3A 02 00 00 2F 00 09 01 64 1D 06 08 DE 06 06 08 01 12 60 1E 25 00 07 0C 0C 40 04 00 DD 00 DD 00 DD 00 82 00 00 00 00 00 00 00 00 00 00 00 00 00 12 CE 00 32 
Cave Boy                      00 00 43 01 07 00 3A 01 00 00 00 00 6A 02 00 00 11 00 13 01 53 1D 06 08 06 07 06 08 07 0B 66 15 21 00 4F 00 50 DC 82 00 E9 00 74 00 E9 00 74 00 00 00 00 00 00 00 00 00 00 00 00 00 12 66 10 32 
Abstract Art                  00 00 21 01 07 00 2D 01 3C 00 00 00 09 11 00 00 FF 00 B3 01 64 1D 06 08 F0 06 06 08 09 23 62 43 4F 00 13 07 07 15 8A 00 04 00 04 00 04 00 34 00 00 00 00 00 00 00 00 00 2B 00 00 00 11 DA 00 32 
Shattered Man                 00 00 FB 00 07 00 B6 02 00 00 00 00 92 AE 00 00 46 0A 12 01 53 1D 06 08 DE 06 06 08 12 33 67 68 8A 00 12 19 26 16 81 00 04 00 72 00 D4 00 CC 00 00 00 00 00 00 00 00 00 00 00 00 00 37 D0 10 00 
Fierce Shattered Man          00 00 FB 00 07 00 04 02 00 00 00 00 0F 44 00 00 41 02 12 01 53 1D 06 08 DE 06 06 08 02 32 66 65 74 00 0C 05 04 16 89 00 04 00 66 00 D4 00 CC 00 00 00 00 00 00 00 00 00 00 00 00 00 33 D0 00 00 
Ego Orb                       00 00 3E 01 07 00 50 02 00 00 00 00 74 5E 00 00 44 03 2F 02 64 1D 06 08 F0 06 06 08 07 3A 66 7D 8C 00 11 01 08 E2 06 00 6E 00 72 00 04 00 04 00 00 00 00 00 00 00 00 00 00 00 00 00 1A 7D 10 00 
Thunder and Storm             00 00 48 01 07 00 11 08 46 00 00 00 02 F8 01 00 80 12 14 01 53 1D 06 08 06 07 06 08 01 38 68 6F B2 00 15 23 37 C5 01 01 5C 00 83 00 69 00 F5 00 00 00 00 00 00 00 00 00 C9 00 00 00 07 00 08 00 
Yes Man Junior                00 00 45 00 07 00 21 00 00 00 00 00 0D 00 00 00 12 00 09 01 53 1D 06 08 06 07 06 08 03 04 62 08 09 00 04 00 0E 55 0D 00 E1 00 E1 00 04 00 78 00 00 00 00 00 00 00 00 00 00 00 00 00 13 57 40 32 
Frankystein Mark II           02 00 00 00 07 00 5B 00 00 00 00 00 4C 00 00 00 1F 00 00 00 53 1D 06 08 5A 07 06 08 06 07 66 0F 12 00 04 00 28 A0 02 01 7F 00 DC 00 7F 00 F5 00 00 00 00 00 00 00 00 00 CA 00 00 00 07 00 18 00 
Frank                         00 00 44 00 07 00 3F 00 00 00 00 00 32 00 00 00 30 00 09 01 53 1D 06 08 06 07 06 08 01 06 64 0C 11 00 07 05 20 50 01 00 6D 00 D8 00 61 00 6D 00 00 00 00 00 00 00 00 00 00 00 00 00 07 00 08 00 
Cute Li'l UFO                 02 00 ED 00 07 00 A2 00 19 00 00 00 EF 05 00 00 6E 00 14 01 64 1D 06 08 5A 07 06 08 02 1B 60 31 20 00 3A 01 46 6A 07 00 DE 00 DE 00 DE 00 20 00 00 00 00 00 00 00 00 00 17 00 00 00 12 00 10 32 
Beautiful UFO                 02 00 ED 00 07 00 53 01 0F 00 00 00 41 20 00 00 AA 01 14 01 64 1D 06 08 5A 07 06 08 13 2C 61 56 57 00 3B 01 47 6A 07 00 DE 00 DE 00 DE 00 20 00 00 00 00 00 00 00 00 00 17 00 00 00 12 00 80 32 
Pogo Punk                     00 00 45 00 07 00 23 00 00 00 00 00 0F 00 00 00 12 00 09 01 53 1D 06 08 06 07 06 08 06 04 60 08 0A 00 03 00 0F 55 11 00 E2 00 E2 00 04 00 7D 00 00 00 00 00 00 00 00 00 00 00 00 00 3B 5E 50 32 
Tough Guy                     00 00 F2 03 07 00 56 01 00 00 00 00 5E 24 00 00 0D 02 09 01 8D 1D 06 08 06 07 06 08 01 25 66 48 5C 00 12 14 10 55 09 00 D8 00 D8 00 D8 00 60 00 00 00 00 00 00 00 00 00 00 00 00 00 2B C2 00 00 
Mad Taxi                      02 00 3D 01 07 00 FD 00 00 00 00 00 20 09 00 00 D8 00 2F 02 53 1D 06 08 6D 07 06 08 05 1C 62 35 44 00 26 05 08 2A 06 00 6C 00 6C 00 CE 00 CE 00 00 00 00 00 00 00 00 00 00 00 00 00 02 A2 10 32 
Evil Mani-Mani                00 00 22 01 07 00 5C 03 58 00 00 00 EB 6D 00 00 3C 07 00 00 53 1D 06 08 F0 06 06 08 03 2D 94 56 91 00 0F 01 50 D5 81 01 36 00 38 00 04 00 F5 00 00 00 2D 00 2F 00 00 00 CB 00 00 00 07 00 08 00 
Mr. Molecule                  00 00 E3 00 07 00 18 01 15 00 00 00 04 22 00 00 93 02 B3 01 7A 1D 06 08 06 07 06 08 02 38 62 76 61 00 12 05 04 20 0B 00 16 00 1A 00 0E 00 12 00 00 00 0D 00 11 00 05 00 09 00 00 00 0A 79 D6 32 
Worthless Protoplasm          00 00 0C 01 07 00 26 00 00 00 00 00 11 00 00 00 0B 00 30 02 53 1D 06 08 06 07 06 08 03 07 65 0B 15 00 1B 00 01 10 07 00 56 00 04 00 3E 00 04 00 00 00 00 00 00 00 8B 00 00 00 00 00 28 54 40 32 
Sentry Robot                  02 00 FC 00 07 00 74 01 00 00 00 00 AA 13 00 00 88 01 2F 02 64 1D 06 08 5A 07 06 08 02 27 60 4D 69 00 11 0A 04 7A 05 00 DE 00 86 00 3E 00 A3 00 00 00 00 00 00 00 8C 00 CB 00 00 00 0F CC 50 32 
Heavily Armed Pokey           02 00 2B 00 07 00 D2 06 E7 03 00 00 00 00 00 00 00 00 00 00 53 1D 06 08 DE 06 06 08 00 48 00 96 12 01 33 2D 37 EA 01 00 04 00 0F 00 04 00 F5 00 00 00 00 00 06 00 00 00 CC 00 00 00 03 00 00 00 
Psychic Psycho                00 00 E1 00 07 00 4F 02 FC 00 00 00 8E 75 00 00 AA 02 B3 01 7A 1D 06 08 84 07 06 08 01 3A 66 7C 90 00 1E 01 18 97 87 00 0E 00 0F 00 0E 00 0F 00 00 00 05 00 06 00 05 00 06 00 00 00 13 78 10 32 
Major Psychic Psycho          00 00 E1 00 07 00 6A 02 3E 02 00 00 4F 99 00 00 5E 03 B3 01 7A 1D 06 08 84 07 06 08 12 41 66 91 98 00 1F 01 18 EB 85 01 0F 00 2F 00 38 00 10 00 00 00 06 00 26 00 2F 00 07 00 00 00 03 34 00 32 
Mole Playing Rough            00 00 DC 00 07 00 67 00 00 00 00 00 C8 01 00 00 24 00 08 01 53 1D 06 08 06 07 06 08 05 0E 65 16 1C 00 09 02 08 05 8E 00 D9 00 56 00 7E 00 70 00 00 00 00 00 00 00 00 00 00 00 00 00 12 5F 70 32 
Gruff Goat                    00 00 46 01 07 00 2D 00 00 00 00 00 14 00 00 00 09 00 07 01 53 1D 06 08 06 07 06 08 06 07 60 08 17 00 0C 00 10 50 04 00 DB 00 DB 00 DB 00 6E 00 00 00 00 00 00 00 00 00 00 00 00 00 22 83 00 00 
Clumsy Robot                  02 00 13 01 07 00 C2 03 00 00 00 00 7A 7E 00 00 21 08 B3 01 53 1D 06 08 F0 06 06 08 04 2E 94 58 89 00 53 1E 31 6A 96 01 3A 01 3B 01 65 00 F5 00 F3 00 00 00 00 00 00 00 CD 00 00 00 07 00 19 00 
Soul Consuming Flame          00 00 E1 00 07 00 5A 02 00 00 00 00 F2 92 00 00 00 03 B3 01 64 1D 06 08 F0 06 06 08 01 3B 67 83 06 01 1E 0E 08 53 06 00 79 00 5E 00 68 00 5D 00 00 00 00 00 00 00 00 00 00 00 00 00 0B D2 00 00 
Demonic Petunia               00 00 47 01 07 00 DE 01 00 00 00 00 43 3B 00 00 D4 02 13 01 53 1D 06 08 06 07 06 08 01 32 66 66 6F 00 1A 05 09 DC 86 00 79 00 5B 00 79 00 CB 00 00 00 00 00 00 00 00 00 00 00 00 00 0A 70 50 00 
Ranboob                       00 00 E9 00 07 00 E8 00 2A 00 00 00 B6 09 00 00 9E 00 09 01 7A 1D 06 08 06 07 06 08 09 18 60 29 3F 00 14 01 09 58 85 01 04 00 28 00 04 00 4D 00 00 00 00 00 1F 00 00 00 00 00 00 00 0A 64 00 32 
Li'l UFO                      02 00 ED 00 06 00 52 00 00 00 00 00 DF 00 00 00 0E 00 14 01 64 1D 06 08 5A 07 06 08 02 0C 60 12 11 00 35 0D 08 64 87 00 DE 00 DE 00 F1 00 DE 00 00 00 00 00 00 00 00 00 00 00 00 00 12 7C 50 32 
High-class UFO                02 00 ED 00 07 00 B1 01 48 00 00 00 61 30 00 00 C8 01 14 01 64 1D 06 08 5A 07 06 08 0F 2F 61 5D 67 00 3C 0F 18 64 87 00 DE 00 DE 00 55 00 2C 00 00 00 00 00 00 00 00 00 23 00 00 00 12 7D 83 32 
Noose Man                     00 00 EF 00 07 00 E7 00 00 00 00 00 C6 07 00 00 DC 00 09 01 64 1D 06 08 06 07 06 08 05 1A 62 2F 34 00 12 05 04 58 87 00 04 00 04 00 04 00 4F 00 00 00 00 00 00 00 00 00 00 00 00 00 23 82 10 32 
Robo-pump                     02 00 E1 00 07 00 AF 01 00 00 00 00 BD 12 00 00 5D 01 B3 01 64 1D 06 08 42 07 06 08 03 24 62 46 71 00 13 05 04 6A 06 01 7A 00 7B 00 7C 00 F5 00 00 00 00 00 00 00 00 00 CE 00 00 00 0A A5 00 32 
Plain Crocodile               00 00 1D 01 07 00 EA 00 00 00 00 00 88 07 00 00 3E 00 13 01 53 1D 06 08 06 07 06 08 05 18 60 28 37 00 0A 01 05 52 09 00 04 00 79 00 6F 00 71 00 00 00 00 00 00 00 00 00 00 00 00 00 02 D3 10 00 
Strong Crocodile              00 00 1D 01 07 00 A1 01 00 00 00 00 8A 27 00 00 EF 01 13 01 53 1D 06 08 06 07 06 08 15 2B 60 55 83 00 11 05 06 55 09 00 04 00 79 00 6F 00 71 00 00 00 00 00 00 00 00 00 00 00 00 00 0A A5 00 00 
Hard Crocodile                00 00 1D 01 07 00 0A 02 00 00 00 00 1C 4C 00 00 B4 02 13 01 53 1D 06 08 06 07 06 08 03 37 63 6E 80 00 17 0A 04 54 09 00 04 00 04 00 6F 00 71 00 00 00 00 00 00 00 00 00 00 00 00 00 0A B1 10 32 
No Good Fly                   01 00 02 01 07 00 64 00 00 00 00 00 9F 01 00 00 1A 00 14 01 53 1D 06 08 06 07 06 08 15 0F 62 17 0D 00 0A 03 00 10 87 00 04 00 04 00 61 00 04 00 00 00 00 00 00 00 00 00 00 00 00 00 11 5B 40 32 
Mostly Bad Fly                01 00 02 01 07 00 8D 00 00 00 00 00 5C 04 00 00 54 00 14 01 53 1D 06 08 06 07 06 08 02 13 8D 20 10 00 0F 04 00 10 86 00 04 00 04 00 61 00 04 00 00 00 00 00 00 00 00 00 00 00 00 00 12 69 10 32 
Spiteful Crow                 00 00 D9 00 07 00 18 00 00 00 00 00 03 00 00 00 05 00 06 01 53 1D 06 08 06 07 06 08 01 1B 65 05 03 00 4D 00 01 00 05 00 DA 00 DA 00 82 00 42 00 00 00 00 00 00 00 00 00 00 00 00 00 3A 54 00 32 
my pet                        00 00 00 00 07 00 E7 03 00 00 00 00 00 00 00 00 00 00 00 00 53 1D 06 08 DA FC 05 08 00 05 00 04 63 00 0A 28 18 55 05 00 EE 00 72 00 E2 00 08 01 00 00 00 00 00 00 00 00 00 00 00 00 00 00 10 32 
Pokey                         00 00 00 00 07 00 E7 03 00 00 00 00 00 00 00 00 00 00 00 00 53 1D 06 08 DA FC 05 08 00 05 00 01 63 00 05 01 01 55 05 00 04 01 04 01 04 01 04 01 00 00 00 00 00 00 00 00 00 00 00 00 00 00 00 32 
Picky                         00 00 00 00 07 00 E7 03 00 00 00 00 00 00 00 00 00 00 00 00 53 1D 06 08 DA FC 05 08 00 05 00 03 63 00 19 0A 01 55 05 00 04 00 04 00 04 00 09 01 00 00 00 00 00 00 00 00 00 00 00 00 00 00 10 32 
Tony                          00 00 00 00 07 00 E7 03 00 00 00 00 00 00 00 00 00 00 00 00 53 1D 06 08 DA FC 05 08 00 05 00 04 63 00 0C 14 08 55 05 00 04 00 04 00 04 00 0A 01 00 00 00 00 00 00 00 00 00 00 00 00 00 00 00 32 
Bubble Monkey                 00 00 00 00 07 00 E7 03 00 00 00 00 00 00 00 00 00 00 00 00 53 1D 06 08 DA FC 05 08 00 05 00 07 63 00 14 05 1E 55 06 00 04 00 04 00 04 00 0B 01 00 00 00 00 00 00 00 00 00 00 00 00 00 00 10 32 
Dungeon Man                   00 00 00 00 07 00 E7 03 00 00 00 00 00 00 00 00 00 00 00 00 53 1D 06 08 DA FC 05 08 00 05 00 FF 63 00 01 1E 01 55 05 00 04 00 04 00 04 00 D4 00 00 00 00 00 00 00 00 00 00 00 00 00 00 00 00 32 
Flying Man                    00 00 00 00 07 00 2C 01 00 00 00 00 00 00 00 00 00 00 00 00 53 1D 06 08 CD 05 06 08 00 63 00 5F 5C 00 64 32 18 55 06 00 DC 00 DC 00 E2 00 E2 00 00 00 00 00 00 00 00 00 00 00 00 00 00 00 10 32 
Teddy Bear                    00 00 00 00 07 00 64 00 00 00 00 00 00 00 00 00 00 00 00 00 53 1D 06 08 92 06 06 08 00 05 00 07 14 00 00 05 08 58 07 00 00 00 00 00 00 00 00 00 00 00 00 00 00 00 00 00 00 00 00 00 00 00 00 32 
Super Plush Bear              00 00 00 00 07 00 90 01 00 00 00 00 00 00 00 00 00 00 00 00 53 1D 06 08 B8 06 06 08 00 05 00 07 32 00 00 05 08 58 07 00 00 00 00 00 00 00 00 00 00 00 00 00 00 00 00 00 00 00 00 00 00 00 10 32 
Master Belch                  00 00 45 01 07 00 8A 02 00 00 00 00 DD 30 00 00 98 02 13 01 53 1D 06 08 DE 06 06 08 06 1B 63 32 58 00 10 14 3D 95 00 00 01 01 01 01 01 01 01 01 00 00 00 00 00 00 00 00 00 00 00 00 06 00 68 00 
Insane Cultist                00 00 42 00 07 00 5E 00 00 00 00 00 61 01 00 00 21 00 09 01 8D 1D 06 08 84 07 06 08 03 0D 66 13 19 00 08 14 40 55 05 00 00 00 00 00 00 00 00 00 00 00 00 00 00 00 00 00 00 00 00 00 04 78 70 32 
Dept. Store Spook             00 00 EE 00 07 00 62 02 22 01 00 00 E3 5E 00 00 70 06 14 01 53 1D 06 08 DE 06 06 08 16 2A 66 52 87 00 13 18 3E 95 81 01 37 00 3A 00 12 00 F5 00 00 00 2E 00 31 00 09 00 02 00 00 00 04 00 08 00 
|'s Nightmare                 00 00 22 01 07 00 76 06 72 03 00 00 AC 5B 01 00 5A 11 00 00 53 1D 06 08 F0 06 06 08 05 47 94 AC FD 00 1F 01 50 E9 01 01 0A 00 21 00 0D 00 F5 00 00 00 01 00 18 00 04 00 15 00 00 00 07 00 18 00 
Mr. Carpainter                00 00 32 00 07 00 06 01 46 00 00 00 84 05 00 00 C3 00 09 01 53 1D 06 08 84 07 06 08 01 15 94 21 2D 00 08 0D 48 55 05 01 5C 00 2C 00 D7 00 F5 00 00 00 00 00 23 00 00 00 1A 00 00 00 07 00 08 00 
Carbon Dog                    00 00 48 01 07 00 88 06 00 00 00 00 00 00 00 00 00 00 14 01 53 1D 06 08 06 07 06 08 01 46 67 9F AE 00 1F 34 35 9B 82 00 5D 00 F5 00 E2 00 85 00 22 01 00 00 1B 00 00 00 00 00 53 00 07 00 18 00 
Chomposaur                    00 00 40 01 07 00 08 05 40 01 00 00 5A AD 00 00 80 03 13 01 53 1D 06 08 06 07 06 08 09 3E 66 8B B7 00 11 03 10 97 89 00 E0 00 F5 00 0F 00 10 00 00 00 00 00 24 00 06 00 07 00 00 00 03 15 10 00 
Titanic Ant                   01 00 48 01 07 00 EB 00 66 00 00 00 AD 02 00 00 96 00 14 01 53 1D 06 08 06 07 06 08 04 0D 67 13 17 00 06 09 48 6A 81 00 F5 00 EE 00 6F 00 28 00 00 00 25 00 00 00 00 00 1F 00 00 00 07 00 08 00 
Gigantic Ant                  01 00 E2 00 07 00 34 01 51 00 00 00 8C 0F 00 00 30 01 08 01 53 1D 06 08 06 07 06 08 01 1E 66 36 70 00 11 05 06 50 05 00 38 00 77 00 3E 00 F5 00 00 00 2F 00 00 00 26 00 26 00 00 00 13 66 50 32 
Shrooom!                      00 00 48 01 07 00 A4 06 70 00 00 00 43 78 01 00 F6 0F 14 01 53 1D 06 08 06 07 06 08 09 30 67 5F 9A 00 12 20 48 D8 01 00 4B 00 04 00 55 00 F5 00 00 00 00 00 00 00 00 00 27 00 00 00 07 00 18 00 
Plague Rat of Doom            00 00 48 01 07 00 23 07 3C 00 00 00 48 C2 01 00 70 11 14 01 53 1D 06 08 06 07 06 08 04 2F 67 47 B4 00 13 FA 2D 99 02 00 04 00 F5 00 82 00 04 00 00 00 00 00 28 00 00 00 00 00 00 00 07 00 18 00 
Mondo Mole                    00 00 48 01 07 00 F2 01 A1 00 00 00 9F 16 00 00 90 01 14 01 53 1D 06 08 06 07 06 08 05 17 67 25 32 00 09 0F 24 0E 02 00 2C 00 30 00 70 00 F5 00 00 00 23 00 27 00 00 00 29 00 00 00 07 00 18 00 
Guardian Digger               00 00 48 01 07 00 82 01 6E 00 00 00 95 43 00 00 BB 05 14 01 53 1D 06 08 06 07 06 08 15 20 67 3B 81 00 11 15 37 85 82 00 6E 00 F5 00 04 00 20 00 00 00 00 00 2A 00 00 00 17 00 00 00 07 00 08 00 
Kraken                        00 00 4F 01 07 00 49 04 B0 00 00 00 A3 35 01 00 E9 0B 13 01 53 1D 06 08 DE 06 06 08 01 36 68 69 A6 00 15 01 20 5A 82 01 1B 00 5E 00 75 00 F5 00 00 00 12 00 00 00 00 00 31 00 00 00 07 00 00 32 
Bionic Kraken                 00 00 EE 00 07 00 84 03 3C 00 00 00 84 C4 00 00 C0 03 14 01 64 1D 06 08 DE 06 06 08 18 46 68 9B C3 00 2A 01 20 56 06 00 00 00 00 00 00 00 00 00 00 00 00 00 00 00 00 00 00 00 00 00 03 0D 10 32 
Starman                       00 00 EB 00 07 00 21 02 9B 00 00 00 64 5B 00 00 D0 02 FB 02 64 1D 06 08 DE 06 06 08 02 37 61 67 7E 00 18 19 10 A5 05 00 28 00 DE 00 B6 00 F5 00 00 00 1F 00 00 00 8B 00 43 00 00 00 03 75 40 32 
Starman Super                 00 00 EB 00 07 00 38 02 36 01 00 00 C1 75 00 00 DF 02 FB 02 64 1D 06 08 DE 06 06 08 1A 38 61 70 81 00 18 19 10 A5 05 00 2D 00 27 00 DE 00 F5 00 00 00 25 00 1E 00 00 00 44 00 00 00 03 17 50 32 
Ghost of Starman              00 00 EE 00 07 00 EE 02 CE 01 00 00 37 BE 00 00 27 03 14 01 64 1D 06 08 DE 06 06 08 0C 44 61 98 AA 00 2E 2B 10 6A 05 01 7B 00 7C 00 1F 00 F5 00 00 00 00 00 00 00 16 00 45 00 00 00 03 49 00 32 
Starman Deluxe                00 00 EE 00 07 00 78 05 A2 01 00 00 0C 73 02 00 F3 0E 14 01 64 1D 06 08 DE 06 06 08 02 41 61 8F BA 00 1B 2B 15 B9 02 00 F5 00 DE 00 2D 00 3E 00 00 00 4A 00 00 00 25 00 43 00 00 00 07 00 58 00 
Final Starman                 00 00 EE 00 07 00 48 03 5C 03 00 00 E9 F1 00 00 93 03 14 01 64 1D 06 08 DE 06 06 08 10 47 61 B2 BB 00 2F 19 18 AA 85 01 1F 00 77 00 27 00 F5 00 00 00 16 00 00 00 1E 00 4B 00 00 00 13 78 00 32 
Urban Zombie                  00 00 F3 00 07 00 AB 00 00 00 00 00 BC 02 00 00 3A 00 09 01 53 1D 06 08 9A 07 06 08 04 13 60 1F 18 00 0A 0F 18 4C 05 00 00 00 00 00 00 00 00 00 00 00 00 00 00 00 00 00 00 00 00 00 12 5E 50 32 
Diamond Dog                   00 00 48 01 07 00 10 0D 9A 00 00 00 4A 27 05 00 38 1B 14 01 53 1D 06 08 06 07 06 08 04 46 61 A7 E6 00 1F 0A 2F FA 02 00 6F 00 F5 00 85 00 E4 00 00 00 00 00 53 00 00 00 00 00 00 00 07 00 08 00 
Trillionage Sprout            00 00 48 01 07 00 18 04 F0 00 00 00 5F 76 00 00 4E 05 14 01 53 1D 06 08 06 07 06 08 05 1D 67 36 58 00 10 15 47 D8 02 00 2C 00 04 00 44 00 F5 00 00 00 23 00 00 00 00 00 5A 00 00 00 07 00 68 00 
Master Belch                  00 00 45 01 07 00 8A 02 00 00 00 00 DD 30 00 00 98 02 13 01 53 1D 06 08 DE 06 06 08 06 1B 63 32 58 00 10 14 3D 95 00 00 47 00 66 00 3E 00 79 00 00 00 00 00 00 00 2D 00 00 00 00 00 07 00 68 00 
Big Pile of Puke              00 00 45 01 07 00 61 02 4C 00 00 00 9F 44 00 00 B2 02 13 01 64 1D 06 08 DE 06 06 08 05 3B 63 86 92 00 0E 0B 05 58 09 00 00 00 00 00 00 00 00 00 00 00 00 00 00 00 00 00 00 00 00 00 0B D2 70 32 
Master Barf                   00 00 45 01 07 00 27 05 00 00 00 00 80 E8 01 00 D0 0D 13 01 53 1D 06 08 DE 06 06 08 13 3C 63 88 B1 00 18 27 40 99 01 00 3E 00 66 00 47 00 F5 00 F4 00 2E 00 00 00 00 00 5F 00 00 00 3F 0E 68 00 
Loaded Dice                   00 00 0C 01 07 00 33 01 00 00 00 00 B0 29 00 00 BF 02 30 02 53 1D 06 08 06 07 06 08 03 3B 60 92 71 00 4D 4B 06 20 07 00 3E 00 3E 00 3E 00 3E 00 00 00 11 00 63 00 47 00 11 00 00 00 13 78 10 32 
Tangoo                        00 00 F7 00 07 00 73 01 05 00 00 00 7E 39 00 00 3C 02 14 01 7A 1D 06 08 DE 06 06 08 05 30 62 60 63 00 13 14 10 45 05 00 00 00 00 00 00 00 00 00 00 00 00 00 00 00 00 00 00 00 00 00 23 C9 00 32 
Boogey Tent                   00 00 00 00 07 00 43 02 38 00 00 00 7C 15 00 00 97 01 00 00 53 1D 06 08 DE 06 06 08 05 19 66 2B 45 00 0A 10 20 DC 82 01 F8 00 04 00 1A 00 F5 00 00 00 00 00 00 00 11 00 66 00 00 00 07 00 18 00 
Squatter Demon                00 00 EE 00 07 00 06 03 3C 00 00 00 B7 BC 00 00 81 03 14 01 7A 1D 06 08 DE 06 06 08 1E 45 66 9E C0 00 2D 19 20 DC 06 00 00 00 00 00 00 00 00 00 00 00 00 00 00 00 00 00 00 00 00 00 0B DC 00 32 
Everdred                      00 00 33 00 07 00 B6 00 00 00 00 00 DA 03 00 00 AB 00 09 01 53 1D 06 08 84 07 06 08 01 0F 62 19 23 00 06 0A 28 55 05 00 04 00 82 00 EE 00 F5 00 00 00 00 00 00 00 00 00 6E 00 00 00 07 00 18 00 
Electro Specter               00 00 48 01 07 00 14 0C 50 00 00 00 05 FE 03 00 A4 19 14 01 53 1D 06 08 06 07 06 08 02 43 68 94 CB 00 1D 2F 38 F5 82 01 F7 00 A0 00 CA 00 F5 00 00 00 AF 00 9F 00 00 00 74 00 00 00 07 00 18 00 
Thunder and Storm             00 00 48 01 07 00 11 08 46 00 00 00 02 F8 01 00 80 12 14 01 53 1D 06 08 06 07 06 08 01 38 68 6F B2 00 15 23 37 C5 81 01 58 00 04 00 5C 00 F5 00 00 00 00 00 00 00 00 00 80 00 00 00 07 00 08 00 
Frankystein Mark II           02 00 00 00 07 00 5B 00 00 00 00 00 4C 00 00 00 1F 00 00 00 53 1D 06 08 5A 07 06 08 06 07 66 0F 12 00 04 00 28 A0 82 01 6E 00 DC 00 7F 00 F5 00 00 00 00 00 00 00 00 00 82 00 00 00 07 00 18 00 
Evil Mani-Mani                00 00 22 01 07 00 5C 03 58 00 00 00 EB 6D 00 00 3C 07 00 00 53 1D 06 08 F0 06 06 08 03 2D 94 56 91 00 0F 01 50 D5 81 01 F8 00 04 00 C9 00 F5 00 00 00 00 00 00 00 00 00 89 00 00 00 07 00 08 00 
Heavily Armed Pokey           02 00 2B 00 07 00 D2 06 E7 03 00 00 00 00 00 00 00 00 09 01 53 1D 06 08 DE 06 06 08 01 48 00 96 12 01 33 2D 37 EA 01 01 04 00 04 00 04 00 F5 00 00 00 00 00 00 00 00 00 8D 00 00 00 03 00 00 00 
Clumsy Robot                  02 00 13 01 07 00 C2 03 00 00 00 00 7A 7E 00 00 21 08 B3 01 53 1D 06 08 F0 06 06 08 04 2E 94 58 89 00 53 1E 31 6A 16 01 46 00 3C 01 39 01 F5 00 F3 00 00 00 00 00 00 00 E6 00 00 00 07 00 18 00 
Robo-pump                     02 00 E1 00 07 00 AF 01 00 00 00 00 BD 12 00 00 5D 01 B3 01 64 1D 06 08 42 07 06 08 03 24 62 46 71 00 13 05 04 6A 06 01 A7 00 63 00 86 00 F5 00 00 00 CE 00 00 00 00 00 99 00 00 00 0A A5 00 32 
Foppy                         00 00 D6 00 07 00 78 00 0A 00 00 00 1F 05 00 00 5D 00 09 01 64 1D 06 08 DE 06 06 08 01 10 62 1D 09 00 01 05 03 10 0B 00 00 00 00 00 00 00 00 00 00 00 00 00 00 00 00 00 00 00 00 00 0A 78 10 32 
Guardian General              00 00 0F 01 07 00 3F 03 06 00 00 00 9E 74 01 00 A3 0C 2E 02 53 1D 06 08 F0 06 06 08 13 37 67 6D D6 00 15 01 07 99 01 00 04 00 E2 00 EA 00 F5 00 00 00 00 00 00 00 00 00 49 00 00 00 07 00 08 00 
Black Antoid                  01 00 01 01 07 00 22 00 19 00 00 00 25 00 00 00 07 00 08 01 53 1D 06 08 06 07 06 08 08 07 60 0E 0D 00 04 03 00 10 84 01 20 00 20 00 20 00 20 00 00 00 17 00 17 00 17 00 17 00 00 00 01 00 70 32 
Struttin' Evil Mushroom       00 00 D8 00 07 00 3C 00 00 00 00 00 5F 00 00 00 0F 00 12 01 7A 1D 06 08 F0 06 06 08 09 07 62 0F 0A 00 05 05 01 50 0B 00 7E 00 04 00 04 00 04 00 00 00 00 00 00 00 00 00 00 00 00 00 31 54 10 32 
Runaway Dog                   00 00 E7 00 07 00 15 00 00 00 00 00 04 00 00 00 03 00 07 01 53 1D 06 08 06 07 06 08 09 49 65 04 05 00 1A 00 01 00 04 00 85 00 EE 00 EE 00 6F 00 00 00 00 00 00 00 00 00 00 00 00 00 31 59 10 32 
Cave Boy                      00 00 43 01 07 00 3A 01 00 00 00 00 6A 02 00 00 11 00 13 01 53 1D 06 08 06 07 06 08 07 0B 66 15 21 00 05 00 50 DC 22 00 04 00 04 00 04 00 04 00 00 00 00 00 00 00 00 00 00 00 00 00 3A 64 10 32 
Tiny Li'l Ghost               00 00 00 00 07 00 5A 00 00 00 00 00 01 00 00 00 A2 00 00 00 53 1D 06 08 2F 07 06 08 00 12 65 13 07 00 64 19 18 45 10 00 CC 00 CC 00 04 00 04 00 00 00 00 00 00 00 00 00 00 00 00 00 03 00 00 32 
Starman Junior                00 00 EB 00 07 00 C8 00 E7 03 00 00 10 00 00 00 14 00 FB 02 64 1D 06 08 DE 06 06 08 02 06 94 0B 0A 00 01 00 50 FF 82 00 0F 00 67 00 12 00 0E 00 00 00 06 00 00 00 09 00 05 00 00 00 07 00 00 32 
Buzz Buzz                     00 00 00 00 07 00 D0 07 E7 03 00 00 00 00 00 00 00 00 00 00 53 1D 06 08 DA FC 05 08 00 14 00 28 5C 00 64 01 50 FF 82 01 2E 00 2E 00 E2 00 04 00 00 00 24 00 24 00 00 00 00 00 00 00 00 00 00 32 
Heavily Armed Pokey           02 00 2B 00 07 00 D0 07 E7 03 00 00 00 00 00 00 00 00 00 00 53 1D 06 08 DA FC 05 08 04 50 69 91 FF 00 3C 05 FF 7A 87 01 11 01 11 01 E2 00 6E 00 13 01 00 00 00 00 00 00 00 00 00 00 04 00 00 00 
Heavily Armed Pokey           02 00 2B 00 07 00 D2 06 E7 03 00 00 00 00 00 00 00 00 00 00 53 1D 06 08 DA FC 05 08 04 48 48 96 12 01 33 2D 37 EA 01 00 11 01 14 01 E2 00 6E 00 00 00 00 00 00 00 00 00 00 00 00 00 00 00 00 5F 
Giygas                        02 00 00 00 07 00 0F 27 E7 03 00 00 00 00 00 00 00 00 00 00 53 1D 06 08 DE 06 06 08 14 50 69 FF FF 00 50 05 FF FA 83 00 0A 00 0B 00 0A 00 0B 00 00 00 01 00 02 00 01 00 02 00 00 00 07 00 18 00 
Giygas                        00 00 00 00 07 00 0F 27 00 00 00 00 00 00 00 00 00 00 00 00 53 1D 06 08 DE 06 06 08 00 50 48 FF FF 00 50 05 FF FA 03 01 00 00 00 00 00 00 15 01 00 00 00 00 00 00 00 00 00 00 00 00 07 00 18 00 
Giygas                        00 00 00 00 07 00 D0 07 00 00 00 00 00 00 00 00 00 00 00 00 53 1D 06 08 DE 06 06 08 00 50 48 FF FF 00 50 05 FF FA 03 00 12 01 2C 01 2D 01 38 01 16 01 00 00 00 00 00 00 00 00 00 00 07 00 18 00 
Giygas                        00 00 00 00 07 00 0F 27 00 00 00 00 00 00 00 00 00 00 00 00 53 1D 06 08 DE 06 06 08 00 50 49 FF FF 00 50 05 FF FA 03 00 2E 01 2F 01 30 01 34 01 00 00 00 00 00 00 00 00 00 00 00 00 07 00 18 00 
Farm Zombie                   00 00 F3 00 07 00 AB 00 00 00 00 00 BC 02 00 00 3A 00 09 01 53 1D 06 08 9A 07 06 08 0A 13 65 1F 18 00 0A 0F 18 4C 85 00 04 00 78 00 4A 00 54 00 00 00 00 00 00 00 00 00 00 00 00 00 1A 7C 50 00 
Criminal Caterpillar          01 00 DE 00 07 00 FA 00 A8 00 00 00 B0 76 00 00 00 00 B3 01 53 1D 06 08 06 07 06 08 01 17 65 25 10 00 86 00 00 00 00 00 0E 00 0E 00 0E 00 0E 00 00 00 05 00 05 00 05 00 05 00 00 00 01 00 00 0A 
Evil Eye                      00 00 EE 00 07 00 D0 02 90 01 00 00 28 B5 00 00 80 03 14 01 53 1D 06 08 06 07 06 08 02 3F 60 8D A2 00 26 19 10 B3 81 00 3B 00 44 00 39 00 04 00 00 00 32 00 00 00 30 00 00 00 00 00 19 D2 00 14 
Magic Butterfly               01 00 D4 00 06 00 10 00 00 00 00 00 01 00 00 00 00 00 2B 02 53 1D 06 08 DA FC 05 08 00 00 00 02 02 00 19 00 00 00 00 00 00 00 00 00 00 00 00 00 00 00 00 00 00 00 00 00 00 00 00 00 00 00 00 00 
Mini Barf                     00 00 E5 00 07 00 68 02 00 00 00 00 61 1D 00 00 CC 01 08 01 7A 1D 06 08 DE 06 06 08 13 1A 63 2D 47 00 0A 13 1E DC 82 00 57 00 04 00 E8 00 50 00 00 00 00 00 00 00 00 00 00 00 00 00 07 00 00 32 
Master Criminal Worm          01 00 FC 03 07 00 79 01 2C 01 00 00 8A 42 01 00 00 00 B3 01 53 1D 06 08 06 07 06 08 10 25 65 49 28 00 88 00 00 00 00 00 0F 00 0E 00 0E 00 0E 00 00 00 06 00 05 00 05 00 05 00 00 00 01 00 00 0A 
Captain Strong                00 00 F3 03 07 00 8C 00 00 00 00 00 EC 01 00 00 9F 00 09 01 53 1D 06 08 DE 06 06 08 08 0D 66 14 18 00 0F 08 12 55 09 00 6B 00 D8 00 67 00 60 00 00 00 00 00 00 00 00 00 00 00 00 00 17 5B 60 00 
Giygas                        00 00 00 00 07 00 0F 27 00 00 00 00 00 00 00 00 00 00 00 00 53 1D 06 08 DE 06 06 08 00 50 49 FF 7F 00 50 05 FF FA 07 00 31 01 32 01 33 01 35 01 00 00 00 00 00 00 00 00 00 00 00 00 07 00 18 00 
Clumsy Robot                  02 00 13 01 07 00 C2 03 00 00 00 00 7A 7E 00 00 21 08 B3 01 53 1D 06 08 F0 06 06 08 04 2E 94 58 89 00 53 1E 31 6A 96 01 81 00 80 00 3D 01 F5 00 F3 00 00 00 00 00 00 00 92 00 00 00 07 00 18 00 
